14 7
16 73
42 112
31 153
165 119
13 112
199 56
195 159
88 107
51 53
17 161
131 52
206 113
11 227
271 212
199 200
99 269
272 24
286 275
177 152
212 49
85 13
75 270
297 14
344 176
13 220
179 29
105 82
34 50
368 78
136 271
242 125
133 201
52 40
209 10
13 149
181 252
149 46
360 80
36 359
322 46
160 69
309 99
407 425
301 274
355 35
97 81
137 220
213 275
116 179
182 75
408 296
431 110
380 96
481 347
301 58
157 322
71 270
83 57
215 298
317 65
314 38
173 29
405 221
420 231
51 80
247 369
454 491
10 489
263 128
19 147
167 494
413 473
277 450
224 306
285 507
247 389
346 239
485 510
81 445
310 398
494 165
56 422
293 561
2 24
594 167
257 510
233 252
317 86
197 301
207 235
288 9
553 68
510 39
475 630
163 71
553 338
309 434
642 85
248 287
13 491
290 546
138 563
314 182
190 382
630 262
613 330
655 487
37 177
115 547
353 556
689 137
4 471
668 358
297 16
109 262
41 24
57 635
330 116
700 636
430 27
318 546
348 692
741 699
281 207
168 468
304 399
31 165
81 196
701 246
459 503
762 444
559 250
612 633
497 549
128 503
146 593
732 669
164 284
288 331
122 151
134 332
644 261
197 383
779 496
597 370
744 263
410 580
739 27
494 683
494 188
741 560
185 436
314 226
643 822
607 643
607 569
784 133
161 82
276 493
764 103
407 35
780 93
157 35
105 331
712 610
64 819
819 849
478 281
52 264
123 350
411 862
533 7
460 460
74 108
221 462
850 466
133 403
438 342
704 585
506 803
731 5
104 831
140 779
318 596
754 327
759 890
445 785
658 788
826 852
353 637
394 542
674 100
239 791
594 226
657 649
219 382
837 712
529 77
200 523
791 309
278 372
378 848
927 188
246 327
400 869
138 640
276 705
789 255
289 854
942 446
621 265
7 197
457 94
153 748
381 407
203 368
485 958
21 754
15 46
76 88
103 122
158 160
166 176
183 195
201 211
215 216
224 228
236 241
248 256
259 263
263 264
271 271
275 285
288 290
296 296
303 306
308 310
313 317
323 334
334 336
339 341
342 352
352 355
358 360
362 365
370 372
374 376
377 378
379 384
385 389
390 396
398 401
402 406
406 408
411 414
415 416
416 419
420 423
425 426
430 431
432 441
442 442
443 446
449 451
453 454
455 457
458 458
461 463
463 469
469 470
474 477
478 485
485 486
488 489
489 489
490 490
491 495
501 503
503 504
508 509
515 524
525 527
527 529
531 532
534 540
542 545
547 548
551 552
553 554
554 554
556 556
559 559
562 564
565 566
567 567
571 574
576 576
577 577
578 582
582 586
587 602
603 603
606 611
611 613
614 615
618 618
619 623
625 626
630 634
639 640
641 645
645 646
648 649
652 653
654 656
659 659
660 662
662 662
663 665
667 671
672 674
677 680
689 690
690 691
692 693
694 697
698 701
704 704
705 705
705 706
708 712
715 717
721 723
724 724
725 727
727 730
731 732
735 737
738 744
745 745
746 748
748 751
755 759
763 763
764 767
768 768
773 773
774 775
776 778
779 781
782 783
783 783
787 787
789 789
794 795
795 796
797 798
798 798
799 804
805 806
806 809
810 810
811 812
818 819
819 820
823 824
825 826
827 827
829 830
830 832
833 833
834 835
836 839
840 841
842 843
844 847
847 848
848 849
849 851
853 855
855 856
857 859
862 862
862 867
868 868
870 871
872 874
877 877
879 880
882 882
885 888
888 890
891 892
893 895
895 896
897 897
898 899
900 901
903 904
905 906
906 907
908 911
912 913
913 914
914 914
915 915
916 917
923 923
925 925
926 927
927 928
928 928
929 930
930 934
942 942
943 946
950 952
952 952
956 958
960 960
961 964
964 965
965 965
965 965
966 966
967 967
969 972
977 977
980 981
982 983
987 989
989 990
990 990
991 992
994 995
995 996
999 1000
