1 12
14 16
2 47
3 32
50 39
8 63
63 34
29 2
24 59
7 52
9 25
35 18
77 50
51 49
35 68
28 45
22 46
24 42
34 36
43 5
78 12
47 36
29 65
32 59
101 64
68 78
37 86
76 60
67 70
61 70
120 71
74 36
51 66
125 18
6 1
56 98
42 54
113 117
72 116
136 26
42 118
46 110
11 97
44 94
116 73
100 113
106 141
15 43
84 140
54 73
105 54
66 15
148 55
91 124
8 52
20 77
134 146
9 22
53 91
139 125
146 6
77 84
118 141
55 116
25 70
115 40
20 58
108 135
8 56
117 119
40 43
100 120
141 8
142 37
5 98
118 158
162 169
90 63
65 119
14 63
109 82
122 151
12 141
175 34
62 107
128 129
190 57
113 116
173 16
80 93
174 77
17 150
13 66
13 35
48 103
154 38
77 133
168 195
164 18
25 55
76 123
103 5
52 138
144 30
43 142
17 119
176 22
87 135
31 43
59 70
133 147
192 34
81 95
83 124
128 138
218 69
14 102
114 17
144 213
76 119
193 200
40 123
202 47
80 132
10 50
144 174
209 45
58 139
181 195
3 25
81 122
97 223
111 163
169 176
206 220
7 203
70 123
186 129
192 194
82 236
19 217
223 210
63 113
134 201
70 107
136 167
187 204
153 5
93 102
144 2
63 127
178 140
79 240
85 105
245 252
212 113
147 5
33 47
71 227
76 103
143 72
15 141
145 235
237 97
235 95
115 58
4 36
80 244
37 51
187 29
39 60
39 94
12 165
206 209
242 182
74 187
32 171
180 37
227 19
149 203
239 50
179 11
66 110
161 191
213 57
200 54
76 173
217 253
43 166
18 109
139 211
250 177
70 93
109 231
109 280
165 170
171 189
237 5
12 18
146 213
124 127
142 238
195 20
127 149
199 71
254 286
222 253
53 292
50 24
106 139
252 278
34 140
152 206
87 1
54 112
108 136
192 242
10 40
60 76
253 10
285 119
149 160
59 270
37 54
110 155
248 307
309 232
31 49
63 171
190 269
102 140
218 243
301 49
178 270
303 314
7 14
93 108
271 60
159 161
230 2
140 255
64 94
98 196
10 32
62 65
108 311
112 136
186 241
15 22
67 160
129 188
194 259
267 297
308 35
121 155
165 203
247 269
102 121
194 186
297 6
238 35
36 39
119 36
104 130
324 56
64 114
182 224
272 321
132 189
226 291
307 106
146 76
113 287
42 61
39 329
118 245
293 299
42 189
263 141
180 205
305 123
126 172
292 342
33 140
161 208
167 250
8 30
105 67
259 288
87 148
221 301
148 153
60 31
153 231
308 72
98 107
123 20
88 100
176 213
77 161
173 303
65 208
77 133
167 173
71 294
300 63
100 270
22 60
136 106
138 299
339 352
92 99
131 283
180 65
154 158
213 309
104 172
260 267
363 163
261 343
56 211
248 257
282 286
94 83
262 294
334 34
72 48
72 118
131 179
241 283
305 77
116 148
209 212
242 244
279 13
169 241
240 43
45 55
137 327
43 67
163 312
319 165
271 288
328 344
194 244
286 147
158 173
245 289
316 375
2 5
103 330
56 114
127 238
136 190
105 317
22 90
279 353
325 51
69 96
152 300
368 374
376 384
5 127
179 224
59 190
350 105
159 178
214 295
63 91
111 246
331 336
377 385
156 164
193 192
198 310
326 107
170 304
62 190
233 347
362 128
276 293
74 173
253 293
372 359
232 24
1 104
315 379
381 114
138 141
231 298
381 393
120 203
243 278
127 138
316 94
144 224
278 45
173 206
334 401
402 93
118 230
347 392
59 95
234 324
111 150
335 399
51 103
118 28
68 354
383 3
63 185
361 387
109 137
83 137
161 217
248 373
86 185
309 20
37 120
164 302
359 97
124 324
356 63
126 223
290 394
414 416
56 108
212 373
378 22
136 277
254 337
382 48
108 155
182 223
328 365
75 78
319 357
366 5
109 199
284 332
368 416
30 48
211 234
427 162
268 328
75 105
142 312
391 14
238 239
315 379
396 118
137 145
262 288
328 431
47 38
109 148
215 369
24 73
118 226
315 361
11 298
190 201
288 314
318 321
365 390
359 369
422 116
221 284
295 302
337 397
231 25
86 201
244 408
411 46
182 215
413 434
44 196
300 331
356 445
67 96
208 250
277 433
23 108
188 306
173 178
311 343
16 41
64 86
95 310
430 132
276 421
13 167
173 290
344 81
230 309
364 36
44 129
141 172
335 396
29 108
171 194
296 66
127 210
331 338
76 93
159 170
124 129
188 347
414 165
181 250
265 291
242 260
430 436
459 239
319 379
380 395
434 3
60 195
237 291
437 134
139 141
153 261
126 160
194 194
139 140
255 319
347 431
29 55
80 214
118 154
164 260
270 361
403 115
150 223
395 433
59 70
80 100
176 184
271 461
273 371
4 128
213 396
404 424
409 171
176 415
17 113
244 254
337 379
406 457
94 123
201 250
265 329
425 434
32 70
211 214
326 30
101 181
199 267
298 478
364 441
168 299
313 363
183 233
296 303
409 474
55 103
151 189
240 273
408 35
45 480
15 27
31 40
91 113
117 152
285 432
70 146
148 175
478 25
239 304
42 160
293 328
356 461
477 22
91 191
294 355
396 403
451 33
237 370
40 261
380 37
51 160
274 342
430 62
71 85
141 228
317 82
99 161
179 276
460 14
46 237
375 3
98 195
269 314
473 34
189 196
301 422
437 465
12 91
150 158
172 243
435 196
365 91
131 184
339 355
459 468
500 45
99 339
446 242
292 301
341 468
128 148
317 475
241 377
419 306
149 477
497 13
87 101
102 121
381 409
414 169
199 214
272 302
368 452
92 160
165 176
183 208
400 428
432 447
163 205
495 500
60 94
151 352
409 462
478 27
68 98
230 456
488 505
175 8
175 222
225 299
405 439
337 471
148 157
226 299
301 353
432 509
71 105
179 215
283 360
377 167
168 217
290 345
475 505
29 105
185 265
312 349
350 383
32 140
148 150
354 486
511 194
291 344
232 329
497 289
422 30
192 85
387 177
355 505
39 55
235 455
130 148
313 52
69 186
188 368
15 91
194 249
476 81
203 278
393 476
478 148
299 350
444 534
535 57
144 222
226 375
1 21
151 156
237 277
287 337
338 497
11 62
268 287
393 134
146 241
6 57
242 350
383 496
16 103
167 204
462 523
53 142
227 17
76 252
405 435
500 209
332 335
352 472
99 137
165 322
461 26
56 245
375 468
21 160
366 445
540 7
87 308
142 377
398 406
487 501
541 76
151 315
329 341
348 379
461 5
33 91
142 238
247 396
433 436
456 512
70 75
153 170
174 177
268 351
368 457
545 111
282 489
495 513
66 98
126 230
322 416
498 6
15 175
230 312
448 469
110 149
206 244
249 348
127 177
182 185
284 362
515 64
292 526
6 7
41 42
58 161
189 214
234 130
258 347
361 390
491 126
135 480
79 210
358 212
280 411
94 152
377 541
560 562
73 86
156 157
171 186
194 260
380 115
341 537
24 102
172 219
517 73
144 259
422 491
204 234
239 242
338 395
464 51
155 230
262 289
324 387
419 427
556 48
293 327
333 352
14 52
121 127
131 209
256 280
433 82
86 122
171 180
112 143
420 171
199 233
490 513
206 221
321 338
401 553
139 166
257 342
463 514
566 233
277 428
22 62
363 368
512 35
143 334
374 378
187 512
130 163
212 276
504 509
1 97
148 187
220 256
317 406
485 514
119 165
193 424
446 447
26 167
234 314
428 120
189 213
239 249
293 305
360 368
422 564
50 97
126 182
204 335
375 418
424 31
76 132
280 333
560 7
51 112
170 312
384 26
109 209
257 454
507 107
223 240
448 6
154 219
265 270
326 373
423 519
548 41
81 98
140 229
331 342
413 431
493 246
412 457
541 589
174 237
429 45
114 206
238 306
362 426
40 475
557 571
593 3
190 491
23 124
213 214
215 423
576 51
117 176
235 336
434 448
460 492
525 584
602 217
338 179
566 573
591 29
104 203
226 356
371 283
76 295
377 385
562 595
38 55
108 134
139 349
372 421
423 434
602 608
124 265
369 393
450 523
577 123
257 465
475 607
54 107
173 380
160 192
302 564
1 68
99 109
113 126
171 187
336 382
457 113
130 153
551 616
234 248
272 294
377 399
424 449
486 53
55 57
68 78
121 167
186 261
337 472
531 217
339 77
361 397
476 13
169 188
292 317
425 445
502 520
576 78
154 189
229 243
259 297
315 318
462 487
530 536
121 248
567 3
277 294
478 85
449 501
568 86
449 548
566 578
219 224
343 354
408 438
454 465
180 329
485 570
10 12
17 171
196 358
364 468
486 559
595 596
623 81
234 364
386 95
181 186
307 343
628 357
504 521
4 109
179 180
234 334
358 420
450 498
522 595
61 80
221 286
341 442
458 16
18 103
181 270
411 513
538 76
190 206
334 354
447 586
51 112
159 385
474 507
573 22
41 48
93 205
245 263
282 297
393 394
447 624
150 226
537 585
18 185
291 389
583 614
54 112
303 330
585 587
85 154
308 332
430 593
64 292
58 71
151 201
282 33
139 387
439 469
553 561
606 124
168 349
367 417
597 608
614 82
84 104
236 239
251 273
284 354
378 421
477 505
545 618
30 190
261 369
375 586
605 14
118 143
171 255
357 65
96 360
138 181
638 136
211 393
65 191
255 286
452 561
73 95
110 144
290 477
538 638
235 241
242 360
367 445
582 57
166 223
264 319
444 486
500 603
620 642
4 117
129 184
196 395
95 291
304 378
398 516
8 65
153 238
294 436
503 529
584 95
146 248
326 388
427 501
588 67
123 272
494 526
545 556
626 197
303 318
385 403
449 511
637 69
179 325
464 516
635 79
505 164
320 462
472 581
153 250
422 468
549 600
233 339
362 487
219 242
259 272
412 484
102 159
323 355
407 445
586 665
38 151
170 225
311 314
323 365
480 660
150 222
241 394
446 581
637 222
243 552
220 466
498 669
34 212
259 298
325 354
177 215
311 326
368 376
643 656
87 95
194 230
281 305
352 543
564 643
56 65
114 211
229 241
362 382
405 460
605 668
465 566
644 74
356 401
480 557
116 121
178 250
251 321
485 501
572 634
32 120
181 280
423 485
593 104
159 222
365 401
481 563
605 1
280 349
374 491
567 641
677 30
52 186
255 513
592 597
617 629
334 413
477 133
182 320
334 360
84 365
382 467
480 482
543 663
86 238
281 454
498 592
40 75
266 268
270 281
336 414
422 435
448 565
614 157
218 270
326 512
577 580
583 654
655 56
202 633
109 176
328 344
470 485
45 47
171 257
324 614
628 681
125 323
372 477
491 662
53 107
210 305
333 483
498 639
664 160
232 254
527 576
134 153
333 367
437 678
679 124
128 168
287 293
331 409
410 564
659 685
18 83
342 353
389 455
474 656
12 32
114 147
24 122
189 522
651 18
181 490
593 670
241 260
391 423
343 438
444 587
318 437
470 33
155 188
248 398
412 609
114 168
249 349
449 137
143 179
200 260
328 79
214 280
336 604
634 108
509 589
614 702
11 33
75 186
253 277
318 367
445 502
652 691
63 143
237 267
406 530
43 201
335 515
634 188
209 253
450 68
172 266
313 636
681 212
254 308
319 389
542 50
228 236
300 343
368 381
421 496
669 699
98 115
155 487
577 599
691 87
102 197
489 508
707 19
29 190
223 313
653 167
313 429
532 576
577 621
321 367
375 504
694 44
131 166
239 563
585 587
74 240
264 269
305 558
26 143
153 167
240 309
557 584
250 257
325 352
373 449
482 490
569 612
39 70
159 298
371 485
590 596
617 715
88 134
521 574
711 64
120 121
214 357
373 417
475 483
487 589
686 721
46 340
342 523
605 618
111 195
298 315
316 660
202 293
312 381
421 448
589 141
171 182
432 695
573 606
626 713
145 153
391 441
620 623
271 297
654 19
297 335
495 683
704 53
178 384
509 558
573 658
19 38
97 192
206 211
304 345
351 409
439 568
571 599
311 317
320 347
373 422
509 729
40 225
435 478
525 538
573 599
31 594
618 96
132 160
234 318
341 440
583 694
696 94
135 358
465 482
568 615
62 164
308 569
729 1
2 53
236 675
700 15
119 155
230 237
282 361
376 544
658 697
21 82
293 350
401 490
557 577
673 16
262 281
479 496
676 176
253 266
284 335
374 430
727 737
485 524
119 165
237 260
292 331
548 626
13 160
175 300
429 537
558 580
644 695
339 365
391 420
436 554
47 128
154 162
719 11
60 64
127 168
188 237
550 122
287 299
435 557
679 27
115 198
204 339
572 602
724 309
323 544
690 723
748 96
112 140
194 258
286 392
429 459
568 623
52 114
357 365
429 444
465 514
672 33
45 67
189 206
324 372
387 491
538 717
59 257
271 362
377 524
678 39
100 338
401 558
610 407
417 761
103 133
329 493
578 166
180 324
438 529
546 642
115 286
372 341
422 517
538 604
694 100
127 296
318 320
368 540
737 306
314 321
525 532
538 614
625 646
687 754
61 72
78 153
308 310
429 667
35 95
168 191
244 387
391 440
514 587
731 171
266 404
447 563
583 34
204 214
252 286
293 339
341 364
465 730
132 198
319 322
552 624
75 192
237 320
395 547
131 290
331 364
448 460
527 551
644 16
24 61
139 263
328 489
508 679
696 236
264 307
392 396
454 129
173 174
203 283
414 456
503 557
9 12
30 95
154 265
286 297
419 494
517 525
530 602
8 158
244 518
531 736
757 781
103 203
314 353
355 379
424 448
597 771
780 16
36 290
336 458
580 597
258 522
555 558
576 581
13 49
80 297
310 346
569 590
677 748
1 11
40 161
174 386
437 565
596 679
143 152
195 373
387 550
561 594
600 770
42 348
373 440
687 759
312 318
325 421
503 582
735 95
119 121
131 191
284 537
651 767
28 40
77 320
325 440
469 726
23 48
56 111
124 201
256 342
545 563
655 79
130 215
302 327
417 462
510 710
717 245
314 361
405 442
481 553
582 619
624 634
646 709
743 19
57 126
204 370
394 527
608 664
684 779
785 32
71 127
216 365
377 413
499 536
81 84
150 172
180 200
203 364
424 440
498 628
800 108
196 432
433 454
544 152
182 215
216 273
360 454
555 638
661 78
86 390
396 412
483 571
722 185
192 223
332 440
748 757
775 184
505 23
54 58
138 195
269 391
403 445
515 553
614 667
83 147
524 527
622 706
38 88
141 450
568 619
686 743
89 315
755 112
132 313
329 469
587 758
43 53
155 230
337 504
524 610
40 298
404 427
574 638
783 806
143 271
409 516
7 60
85 110
153 288
361 647
657 738
772 777
6 130
470 635
161 301
304 365
428 442
466 621
632 707
713 771
189 197
310 353
800 27
56 72
209 276
429 465
524 624
635 740
35 68
86 104
260 270
467 561
622 797
800 10
42 51
70 235
489 535
592 43
73 251
367 382
507 545
657 706
80 220
261 323
363 461
505 551
607 194
419 431
491 732
129 291
366 409
637 82
115 166
235 245
539 575
791 40
209 476
518 535
569 627
633 636
638 188
284 390
617 83
315 563
252 334
418 443
580 635
688 690
709 12
333 594
598 7
11 15
135 198
554 556
610 612
709 736
774 70
193 219
268 330
341 621
791 39
122 604
800 96
133 136
315 322
334 345
413 467
489 686
118 319
350 581
604 702
766 59
82 245
246 499
524 539
577 754
120 235
289 310
345 620
649 722
190 332
403 516
544 571
762 837
3 20
442 449
599 665
708 243
265 266
336 337
449 464
605 660
780 827
46 165
256 295
323 413
465 546
555 653
683 720
151 247
287 289
300 308
531 688
733 107
119 125
433 453
606 679
759 69
100 185
192 428
726 816
172 250
357 388
467 498
643 659
748 823
188 214
281 413
435 455
503 535
576 585
636 699
739 791
11 28
119 221
250 263
270 273
343 642
653 805
131 273
373 433
470 497
505 573
627 654
656 760
157 245
368 423
592 745
828 37
43 149
197 250
339 352
378 416
542 731
738 766
801 60
318 338
475 555
42 116
132 201
224 465
484 769
848 90
785 109
166 172
212 330
478 623
626 817
1 40
51 172
199 210
340 348
350 385
436 537
45 46
154 167
289 481
580 751
752 760
796 36
37 221
252 395
775 777
127 152
153 203
348 356
538 543
745 764
831 96
112 157
361 507
608 609
654 699
708 3
75 92
238 332
351 476
799 15
16 73
252 255
376 538
738 797
212 693
820 157
193 323
538 14
104 116
118 163
220 285
424 672
714 14
276 360
576 2
247 248
381 406
427 610
615 659
692 839
37 193
200 307
472 569
701 717
842 864
14 131
213 251
288 464
505 611
780 794
830 854
58 84
119 250
393 442
448 450
527 538
590 606
96 133
155 254
311 464
581 602
768 849
56 131
170 253
410 445
500 547
632 759
762 100
152 223
272 417
482 552
569 654
839 846
847 4
162 206
286 374
416 4
193 355
399 559
618 712
830 130
247 407
498 713
805 107
202 499
571 691
752 762
8 22
143 158
233 263
284 324
385 476
608 699
819 820
57 136
137 182
332 377
448 488
561 583
670 731
758 867
31 104
281 309
333 558
725 216
257 367
389 396
518 537
585 754
756 832
868 880
221 271
491 493
528 738
784 856
11 73
158 402
489 721
817 156
171 276
31 144
175 246
341 343
436 699
28 29
57 99
106 132
266 305
324 487
770 858
57 93
120 200
221 432
606 652
718 55
260 303
536 556
645 672
829 195
218 223
325 512
849 29
90 112
627 712
744 829
841 170
238 251
257 379
494 513
520 528
550 626
635 729
756 106
245 298
429 569
674 767
875 102
288 340
351 487
572 663
836 28
116 288
322 410
426 449
644 735
742 754
814 864
308 351
602 733
772 154
602 611
748 793
14 86
162 412
461 628
641 659
797 799
13 148
200 381
404 566
636 733
761 783
9 76
180 239
497 600
645 723
839 5
225 280
493 523
708 713
767 65
299 356
516 557
714 724
199 496
600 40
134 459
482 666
746 820
42 387
552 568
585 625
654 672
137 198
232 269
278 297
437 511
594 776
17 18
35 57
224 372
592 786
898 66
288 371
464 512
575 625
736 853
9 33
46 248
350 383
511 534
624 644
682 715
85 149
157 236
305 453
688 716
126 128
244 311
354 395
421 478
482 548
597 72
144 154
157 307
357 359
402 454
639 711
836 38
70 114
192 408
508 801
805 818
888 50
90 124
287 395
445 521
831 835
66 170
308 483
489 523
745 884
6 130
144 244
362 789
183 291
446 581
832 836
43 125
387 416
564 703
823 886
891 115
130 138
255 316
322 474
792 878
257 376
439 447
549 671
873 1
115 266
293 558
600 613
627 693
758 149
190 247
307 565
32 62
118 284
295 382
500 578
620 695
706 805
837 4
142 158
231 276
440 693
885 23
85 106
184 213
324 459
632 705
920 120
207 279
322 355
408 435
660 674
675 705
718 905
110 234
729 911
17 289
402 430
549 754
782 897
34 151
200 386
414 586
720 756
910 7
434 483
618 777
857 913
1 149
276 289
322 332
596 675
769 439
492 523
534 581
744 125
333 427
448 455
489 554
605 615
633 816
904 170
404 435
436 519
537 553
562 587
839 880
882 252
262 377
565 25
140 159
217 417
466 547
552 672
705 713
141 525
590 603
756 888
91 237
376 458
656 739
885 917
923 143
198 419
565 570
579 637
674 686
881 85
118 211
368 454
487 603
673 821
26 124
209 268
364 413
431 619
702 874
19 274
276 445
457 574
759 874
893 186
221 242
244 317
387 434
475 509
588 702
752 68
333 341
383 449
473 501
607 657
672 679
829 894
932 3
9 118
240 437
629 767
810 857
910 933
33 96
102 533
544 800
815 930
935 39
128 150
525 538
567 651
674 724
725 808
809 931
94 183
305 322
517 784
891 270
405 505
550 639
657 723
740 745
757 36
259 364
679 68
133 206
280 283
439 710
800 808
125 290
331 350
356 725
802 21
68 81
121 141
271 331
436 572
647 776
807 117
133 143
282 445
467 517
697 705
770 782
900 937
12 55
141 151
199 264
280 323
573 589
733 811
925 52
53 299
424 507
577 769
819 866
58 75
303 376
384 520
538 701
855 108
144 232
403 518
568 682
690 867
883 898
166 170
278 317
381 393
466 562
711 761
820 911
8 167
235 309
313 428
489 515
554 696
808 920
284 352
445 518
631 872
885 937
200 207
457 463
559 575
576 615
633 655
672 680
917 130
249 317
480 522
641 643
690 782
838 901
935 46
199 276
321 404
442 463
720 757
788 806
820 887
904 17
32 53
263 293
342 739
787 109
138 329
366 508
619 646
816 853
909 96
204 302
312 342
389 421
513 558
773 844
951 27
409 497
581 584
605 909
18 49
621 775
871 956
26 68
121 204
256 288
383 438
466 531
594 608
613 669
693 721
748 849
301 321
410 418
716 762
763 889
925 961
100 412
434 435
509 815
824 84
232 336
339 547
571 725
756 870
935 947
957 11
31 248
252 349
529 809
835 927
92 207
241 291
629 652
674 682
714 905
354 503
680 715
886 943
970 106
424 569
622 745
766 74
129 190
289 726
818 892
972 103
156 248
306 351
441 468
496 593
933 974
62 177
351 416
744 748
811 880
896 361
368 560
591 639
729 783
888 931
66 112
145 275
329 359
592 793
881 132
183 212
260 317
347 383
391 558
617 840
876 55
105 201
237 264
298 708
804 951
968 6
28 107
190 283
346 413
489 549
884 903
72 84
112 131
201 440
503 719
832 865
935 217
240 292
307 313
355 424
677 686
745 760
909 948
80 344
523 558
563 583
584 817
871 924
949 36
159 616
631 678
944 7
58 68
84 100
113 139
342 386
420 462
579 612
664 680
733 875
70 90
117 184
248 279
313 470
604 678
789 794
899 965
989 47
48 182
208 259
325 488
519 533
587 786
39 319
443 498
530 593
728 886
906 910
913 967
976 8
35 66
164 279
434 623
717 729
961 965
66 87
335 342
345 375
432 479
508 552
584 603
625 886
895 903
916 972
54 83
215 218
256 257
322 400
404 475
567 658
704 769
330 852
905 939
56 164
404 542
631 791
806 824
835 904
166 234
322 459
483 541
643 846
42 63
294 336
397 597
677 845
47 116
331 605
683 695
724 891
20 30
40 40
46 49
54 54
55 56
60 64
65 67
68 70
71 73
74 76
77 81
81 82
82 84
84 86
87 87
88 88
89 90
91 92
93 99
99 103
103 105
105 106
107 107
108 109
109 111
113 114
115 117
119 121
121 121
122 122
122 125
126 128
128 128
128 130
132 134
135 135
136 136
138 138
140 140
140 141
141 142
143 143
144 145
146 146
146 147
148 148
149 149
150 150
150 151
152 152
152 153
153 154
154 155
155 155
156 156
157 158
158 159
160 160
161 162
162 165
165 166
166 167
168 168
171 171
172 172
173 174
175 175
175 175
176 176
176 176
178 178
179 179
179 180
181 183
184 184
184 184
184 184
186 187
187 187
188 189
189 191
191 191
192 192
192 194
194 195
196 196
196 197
197 197
197 198
198 198
198 199
200 200
201 201
202 202
202 202
202 203
203 203
203 203
205 206
206 208
208 208
209 212
212 212
212 213
213 213
214 214
215 216
216 216
217 217
218 218
218 218
218 219
219 219
221 221
221 221
221 222
223 223
223 224
224 224
225 225
225 225
226 226
226 227
227 227
229 229
229 229
230 231
231 231
231 231
232 232
233 233
234 234
235 235
236 236
236 236
237 237
238 238
238 239
239 239
240 241
242 242
242 243
244 244
244 244
245 245
245 245
245 246
247 248
248 248
248 249
249 249
249 250
251 251
252 252
252 254
255 256
256 257
257 257
257 257
258 258
258 260
261 261
261 261
261 262
262 263
263 264
265 265
265 265
266 266
267 268
268 268
269 269
271 271
271 271
271 272
273 273
274 274
274 275
275 277
277 277
277 278
279 280
280 280
280 280
280 281
281 282
282 282
282 282
283 283
284 284
284 284
284 285
286 288
289 289
290 290
291 291
291 291
291 292
292 292
292 292
293 293
293 293
294 295
295 295
296 297
297 297
298 299
300 300
301 302
302 302
302 302
303 303
303 303
304 305
305 305
306 306
306 306
307 307
307 307
307 308
308 310
310 310
311 311
312 312
312 312
312 312
312 313
314 314
315 315
315 315
316 316
316 316
316 317
317 317
317 317
318 318
318 318
318 319
319 319
319 320
320 321
322 322
322 322
323 323
323 323
323 323
324 324
324 324
325 325
325 325
326 326
326 326
326 326
326 327
327 327
327 327
327 327
328 328
328 329
329 330
330 332
332 332
332 333
333 333
333 334
334 334
334 334
334 334
335 335
335 335
335 336
336 337
337 337
338 338
339 339
340 340
340 340
341 341
341 342
342 343
343 344
344 344
344 344
345 346
346 346
347 347
348 348
348 349
349 349
350 350
350 350
351 351
352 353
353 353
353 354
354 354
354 355
355 355
355 355
356 356
356 356
357 357
358 358
358 358
359 360
360 361
361 361
362 362
363 364
364 364
364 364
365 365
365 365
366 367
367 367
367 367
368 368
368 368
368 369
369 369
370 370
370 370
370 370
371 372
372 372
372 373
373 374
374 374
375 375
375 375
375 376
376 377
377 377
377 377
377 378
378 378
379 380
380 380
380 380
381 381
381 381
381 382
382 382
382 382
383 383
383 384
384 384
384 384
384 384
385 385
385 385
386 386
386 386
387 387
388 388
389 389
389 389
390 391
391 391
391 391
391 391
391 391
392 392
392 392
393 393
393 394
394 394
394 394
395 395
395 395
395 395
395 395
396 396
396 397
397 397
397 398
398 398
399 400
400 400
400 401
401 401
402 402
402 402
402 403
404 405
406 406
406 406
406 407
407 407
407 408
408 408
409 409
409 409
410 410
410 411
411 411
411 412
412 412
412 412
412 413
413 413
413 413
414 414
414 414
415 415
415 415
416 416
416 417
417 417
417 418
418 419
419 419
420 420
421 421
421 421
421 421
422 422
422 423
423 423
423 423
423 424
424 424
424 425
425 425
425 425
425 425
426 427
427 427
427 428
428 428
429 429
429 430
430 430
430 430
430 430
431 431
431 431
431 432
432 432
432 432
432 432
433 433
433 433
433 434
434 434
435 435
435 435
435 436
436 436
436 436
436 437
437 437
437 437
437 437
438 439
439 439
439 439
440 440
440 440
440 440
441 441
442 442
442 442
442 442
442 442
443 443
443 444
444 444
444 444
444 444
445 446
446 446
446 446
446 447
447 447
447 447
448 448
448 448
448 448
449 449
449 449
449 449
450 450
450 450
451 451
451 451
452 452
452 452
452 452
452 453
453 453
454 454
454 454
454 455
455 455
455 457
457 457
457 457
457 457
458 458
458 458
458 459
459 459
459 459
460 460
460 460
461 461
461 461
461 462
462 462
462 462
463 463
463 463
463 464
464 464
464 464
464 465
465 465
465 465
465 466
466 466
466 466
467 467
467 468
469 469
469 469
469 469
470 471
471 471
472 472
473 473
473 473
473 474
474 474
474 474
475 475
475 475
475 475
475 475
476 476
477 477
477 477
477 477
478 479
479 479
480 480
480 480
480 480
480 480
481 481
481 481
481 481
481 481
482 482
482 482
482 483
483 483
483 483
483 483
484 484
485 485
485 485
486 486
486 486
486 486
487 487
487 487
487 487
487 488
488 488
489 489
489 489
489 489
489 489
489 489
490 490
490 490
490 491
491 491
492 492
492 492
492 492
492 493
493 493
493 493
493 493
493 494
494 494
495 495
495 496
496 496
496 496
496 497
497 497
497 497
497 498
498 498
498 498
498 499
499 499
499 500
500 500
500 500
500 501
501 501
501 501
501 501
502 502
502 502
502 502
502 503
503 504
504 504
504 504
504 504
504 505
505 505
505 506
506 506
506 506
507 507
507 507
508 508
508 509
510 510
510 511
511 511
511 511
511 511
511 512
512 512
512 512
512 512
513 513
514 514
514 514
514 514
514 514
515 515
515 515
516 516
516 516
516 516
516 517
517 517
517 517
517 517
518 519
519 519
520 520
520 520
521 521
522 522
522 522
522 522
522 522
523 523
523 523
523 523
523 524
524 524
524 524
524 524
525 525
525 525
525 525
525 525
526 526
526 526
526 526
526 527
527 527
528 528
528 529
529 530
530 531
531 532
532 532
533 533
533 533
534 534
534 535
535 535
535 535
536 536
536 536
536 537
537 537
537 537
537 538
538 538
538 538
538 539
539 539
539 539
540 540
540 540
540 540
540 540
540 540
541 541
541 541
541 542
542 542
543 543
543 543
543 543
544 544
544 544
544 544
545 545
545 546
546 546
546 546
546 547
547 547
547 547
548 548
548 548
548 549
549 549
549 549
550 550
550 550
550 551
551 551
552 552
552 552
552 552
552 553
553 553
553 553
553 553
553 554
554 554
554 554
554 554
554 554
554 554
555 555
555 555
555 555
555 555
555 555
555 556
556 556
556 556
557 557
557 557
557 557
557 558
558 558
558 558
558 558
559 559
559 559
559 559
560 560
560 560
560 560
560 561
561 561
562 562
562 562
562 562
562 562
562 563
563 563
563 563
563 564
564 564
565 565
565 566
566 566
567 567
567 567
567 567
568 568
568 568
568 568
568 568
568 569
569 569
570 570
570 570
570 571
571 571
571 571
572 572
572 572
572 572
572 573
573 573
573 573
573 573
573 573
573 574
574 574
574 574
575 575
575 575
575 575
575 575
575 576
576 576
576 576
577 577
577 578
578 578
578 578
579 579
579 579
579 579
580 580
580 580
580 580
580 581
581 581
582 582
582 582
582 583
583 583
583 583
584 584
585 585
585 585
585 585
586 586
586 586
586 586
586 586
586 586
587 587
587 587
587 587
588 588
588 588
588 589
589 589
589 589
589 589
589 589
589 589
590 590
590 590
590 590
590 590
590 591
591 591
591 591
591 592
592 592
592 592
592 593
593 593
593 593
593 594
594 594
594 595
595 595
595 595
595 595
595 595
595 596
596 596
596 597
597 597
597 598
598 599
599 599
599 599
600 600
600 601
601 601
601 601
601 601
602 602
602 602
602 603
603 603
604 604
604 604
604 604
604 605
605 605
605 605
605 605
605 605
605 605
605 606
606 607
607 607
607 608
608 608
608 608
608 609
610 610
610 610
610 610
611 611
611 611
611 611
611 611
611 611
611 611
612 612
612 612
612 612
612 613
613 613
613 613
614 614
614 614
615 615
615 615
616 616
616 616
616 616
616 616
616 616
616 617
617 617
617 617
618 618
618 618
618 618
618 618
618 619
619 619
619 619
619 619
619 619
619 619
619 620
620 621
621 621
621 622
622 622
622 622
622 622
622 622
622 623
623 623
623 623
623 623
623 623
623 623
623 623
624 624
624 625
625 625
625 626
626 626
626 627
627 627
627 627
628 628
628 628
628 628
628 628
629 629
629 629
630 630
630 630
630 630
630 630
630 630
630 630
630 631
631 631
631 632
632 632
632 632
632 633
633 633
634 634
634 634
634 634
634 634
634 634
634 634
635 635
635 635
635 635
635 636
636 636
636 636
636 636
636 637
637 637
637 637
637 637
638 638
638 638
638 638
638 639
639 639
639 639
639 639
639 639
639 639
639 639
640 640
640 640
641 641
641 641
641 641
642 642
642 642
642 642
643 643
643 643
643 643
644 644
645 645
645 645
645 646
646 646
646 646
646 646
646 647
647 647
647 647
647 647
647 648
648 648
648 648
648 648
648 648
648 648
648 648
648 648
649 649
649 649
649 649
649 650
650 650
650 650
650 651
651 651
652 652
652 653
653 653
654 654
654 654
654 654
655 655
655 655
655 655
655 655
656 656
656 656
656 656
656 657
657 657
657 657
657 657
657 657
657 657
658 658
658 658
658 658
659 659
659 659
659 659
660 660
660 660
660 660
660 660
660 661
661 661
661 661
661 661
661 662
662 662
662 662
662 662
662 663
663 663
663 663
663 663
663 664
664 664
664 664
664 665
665 666
666 666
666 666
667 667
667 667
667 667
668 668
668 668
669 669
669 669
669 669
670 670
670 670
670 670
670 670
671 671
671 671
671 671
671 671
671 671
672 672
672 672
672 672
672 673
673 673
674 674
674 674
675 675
675 675
675 675
676 676
676 676
676 676
676 676
677 677
677 677
677 677
677 677
677 677
678 678
678 678
678 678
678 678
678 678
678 678
679 679
679 680
680 680
680 680
681 681
681 681
681 681
681 681
681 681
682 682
682 682
682 682
682 683
683 683
683 683
683 683
683 684
684 684
684 684
684 684
684 685
685 685
685 685
685 685
685 685
686 686
686 687
687 687
687 687
688 688
688 688
688 688
688 688
689 689
689 689
689 689
690 690
690 690
690 690
690 690
690 690
690 690
690 691
691 691
691 691
691 691
691 691
691 692
692 692
693 693
693 693
693 693
694 694
694 694
694 694
694 694
695 695
695 695
695 695
696 696
696 696
696 696
696 696
696 697
697 697
697 697
698 698
698 698
698 698
698 699
699 699
699 699
699 699
699 699
699 699
700 700
700 700
700 700
700 700
701 701
701 701
702 702
702 702
702 703
703 703
703 703
704 704
704 704
705 705
705 705
706 706
706 707
707 707
707 707
707 707
708 708
708 708
708 709
709 709
709 709
709 710
710 710
710 710
710 711
711 711
711 711
712 712
712 712
712 712
712 712
712 712
712 712
713 713
713 713
713 713
714 714
714 714
714 715
715 715
715 716
716 716
716 716
716 717
717 717
717 717
717 718
718 718
718 718
718 718
718 718
718 718
719 719
719 719
719 719
719 720
720 720
720 720
720 721
721 721
721 721
721 722
722 722
722 722
722 722
723 723
723 723
723 724
724 724
724 724
724 724
725 725
725 725
725 725
726 726
726 726
726 726
726 726
727 727
727 727
727 727
727 727
727 727
728 728
728 728
728 728
728 728
728 728
729 729
729 729
729 730
730 730
730 730
730 730
730 730
730 730
730 730
731 731
731 731
731 731
732 732
732 732
732 732
733 733
733 733
733 733
733 734
734 734
734 734
735 735
735 735
736 736
736 736
736 736
737 737
737 738
738 738
738 738
738 739
739 739
739 739
739 739
740 740
740 740
740 740
740 740
740 740
740 740
740 740
741 741
741 741
741 741
741 741
742 742
742 742
742 742
742 742
743 743
743 744
744 744
744 744
744 744
744 744
744 745
745 745
745 745
745 745
746 746
746 746
746 747
747 747
747 747
747 748
748 748
748 748
748 748
748 748
748 748
749 749
749 749
749 749
749 749
749 750
750 750
750 750
750 751
751 751
751 751
751 751
751 751
752 752
753 753
753 753
753 753
753 753
754 754
754 754
754 754
754 754
754 754
755 755
755 755
755 755
756 756
756 756
756 758
758 758
758 758
758 758
758 759
759 759
759 759
759 760
760 760
760 760
760 760
760 761
761 761
761 761
761 762
762 762
762 762
762 762
762 762
762 762
763 763
763 763
763 763
763 763
763 764
764 764
764 764
764 764
764 764
764 764
765 765
765 765
765 765
765 766
766 766
766 766
766 767
767 767
768 768
768 768
768 769
769 769
769 769
769 769
770 770
770 771
771 771
771 771
771 772
772 772
772 772
772 772
772 773
773 773
773 773
773 773
773 773
773 773
774 774
774 774
774 774
774 774
775 775
775 775
775 775
775 775
775 775
775 776
776 776
776 776
776 777
777 777
777 777
777 777
777 777
777 777
778 778
778 778
778 778
779 779
779 779
779 779
780 780
780 780
780 780
780 780
780 781
781 781
781 781
781 781
781 781
781 782
782 782
782 782
782 783
783 783
783 783
783 783
783 783
784 784
784 784
784 784
784 784
784 784
784 784
784 784
785 785
785 785
785 785
785 785
786 786
786 786
786 786
786 786
786 786
786 787
787 787
787 787
787 787
788 788
788 788
788 788
789 789
789 789
789 789
789 789
789 789
790 790
790 790
790 790
790 790
790 790
791 791
791 791
791 791
791 791
791 791
792 792
792 792
792 792
793 793
793 793
793 793
793 794
794 794
794 794
794 794
794 794
795 795
795 795
795 795
795 795
796 796
796 796
796 796
796 796
796 796
796 797
797 797
797 797
797 797
797 797
797 798
798 798
798 798
798 798
798 798
798 798
798 798
798 799
799 799
799 799
799 799
799 799
799 799
799 800
800 800
800 800
800 800
800 800
801 801
801 801
801 801
801 801
801 801
801 801
801 802
802 802
802 802
802 803
803 803
803 803
803 803
803 803
803 804
804 804
804 804
804 804
804 805
805 805
805 805
805 805
805 806
806 807
807 807
807 807
807 807
807 807
807 807
807 807
808 808
808 808
808 808
809 809
809 809
809 809
809 809
810 810
810 811
811 811
811 811
811 811
812 812
812 812
812 812
812 812
813 813
813 813
813 813
813 813
814 814
814 814
815 815
815 815
815 815
815 815
815 815
815 815
816 816
816 816
817 817
817 817
817 817
817 817
817 817
817 817
818 818
818 818
818 819
819 819
819 819
819 819
819 819
819 819
820 820
820 820
820 820
820 820
820 820
820 821
821 821
821 821
821 821
821 822
822 822
822 822
822 822
822 822
823 823
823 823
823 823
823 823
823 824
824 824
824 824
825 825
825 825
825 826
826 826
826 826
826 826
826 827
827 827
827 827
827 827
827 827
827 828
828 828
828 829
829 829
830 830
830 830
830 830
830 830
830 831
831 831
831 832
832 832
832 832
832 832
832 832
832 832
832 833
833 833
833 833
833 833
833 834
834 834
834 835
835 835
835 835
835 835
835 835
835 835
836 836
836 836
836 836
836 837
837 837
837 837
837 837
837 837
838 838
838 838
838 838
838 838
839 839
839 839
839 839
839 839
840 840
840 840
840 840
840 841
841 841
841 841
841 841
841 841
841 841
842 842
842 842
842 842
842 842
842 842
842 842
843 843
843 843
843 843
843 843
843 844
844 844
844 844
844 844
844 845
845 845
845 845
845 845
846 846
846 846
846 846
846 846
846 846
847 847
847 847
847 847
847 847
847 847
847 847
847 847
848 848
848 848
848 848
848 848
848 848
848 848
849 849
849 849
849 849
849 849
849 849
849 849
850 850
850 850
850 850
850 851
851 851
851 851
851 851
851 851
851 851
851 851
851 852
852 852
852 852
853 853
853 853
853 853
853 853
853 854
854 855
855 855
855 855
855 855
855 855
856 856
856 856
856 856
856 856
856 856
856 856
857 857
857 857
857 857
857 857
857 857
857 858
858 858
858 858
858 858
859 859
859 859
859 859
859 859
859 859
859 860
860 860
860 860
860 860
860 860
860 861
861 861
861 861
861 861
861 862
862 862
862 862
862 862
862 862
863 863
863 864
864 864
864 865
865 865
865 865
865 865
865 865
865 866
866 866
866 867
867 867
867 867
867 867
867 867
867 867
868 868
868 868
868 868
868 868
868 868
869 869
869 869
869 869
869 869
869 869
869 869
870 870
870 870
870 870
870 870
870 870
870 870
871 871
871 871
871 871
871 871
871 871
872 872
872 872
872 872
872 872
872 872
872 873
873 873
873 873
873 873
873 873
873 873
873 874
874 874
874 874
874 875
875 875
875 875
875 875
875 876
876 876
876 876
876 877
877 877
877 877
877 877
878 878
878 878
878 878
878 878
878 878
878 878
878 878
879 879
879 879
879 879
879 879
879 879
879 879
879 879
880 880
880 880
880 880
880 881
881 881
881 881
881 881
881 881
881 881
881 881
882 882
882 882
882 882
882 882
883 883
883 883
883 883
883 884
884 884
885 885
885 885
885 885
885 885
886 886
886 886
886 886
886 886
886 886
886 886
887 887
887 887
887 887
887 887
887 888
888 888
888 888
888 888
888 889
889 889
889 889
889 890
890 890
890 890
890 890
890 891
891 891
891 891
891 891
891 891
891 891
891 891
891 892
892 892
892 892
892 892
892 893
893 893
893 893
893 893
893 894
894 894
894 894
894 894
894 894
894 894
894 894
895 895
895 895
895 896
896 896
896 896
897 897
897 897
897 897
897 897
897 897
898 898
898 898
898 898
898 898
898 898
899 899
899 899
899 899
899 899
899 900
900 900
900 900
900 900
900 901
901 901
901 901
901 901
902 902
902 903
903 903
903 903
903 903
904 904
904 904
904 904
904 904
905 905
905 905
905 905
905 905
905 905
906 906
906 906
906 906
906 906
906 907
907 907
907 907
907 907
907 907
908 908
908 908
908 908
908 908
908 908
908 908
909 909
909 909
909 909
909 909
910 910
910 910
910 910
910 910
910 910
910 911
911 911
911 911
911 911
911 911
911 911
911 912
912 912
912 912
912 912
912 912
912 913
913 913
913 913
913 913
913 913
914 914
914 914
914 914
914 914
915 915
915 915
915 915
916 916
916 916
916 916
917 917
917 917
917 917
917 917
917 918
918 918
918 918
918 918
918 918
919 919
919 919
919 919
919 920
920 920
920 920
920 920
920 920
920 921
921 921
921 921
922 922
922 922
922 922
922 922
922 922
922 922
922 923
923 923
923 923
923 923
923 924
924 924
924 924
924 924
924 924
924 925
925 925
925 925
925 925
925 925
925 925
925 925
926 926
926 926
927 927
927 927
927 927
927 927
928 928
928 928
928 928
928 928
928 929
929 929
929 929
929 929
930 930
930 930
930 930
930 930
930 931
931 931
931 931
931 932
932 932
932 932
932 932
932 932
932 932
932 933
933 933
933 933
933 933
933 933
933 933
933 934
934 934
934 935
935 935
935 935
935 935
935 935
935 935
936 936
936 936
936 936
937 937
937 937
937 937
937 937
937 938
938 938
938 938
938 938
938 938
938 939
939 939
939 939
939 939
939 939
940 940
940 940
940 940
940 940
940 940
941 941
941 941
941 941
941 941
941 942
942 942
942 942
942 942
942 942
942 942
942 943
943 943
943 943
943 943
943 943
943 943
943 943
943 944
944 944
944 944
944 944
944 944
944 944
945 945
945 945
945 945
945 945
945 946
946 946
946 946
946 946
946 946
946 946
946 946
947 947
947 947
947 947
947 948
948 948
948 948
948 948
948 948
948 949
949 949
949 950
950 950
950 950
950 950
950 950
951 951
951 951
951 951
951 952
952 952
952 952
952 952
952 952
952 952
952 953
953 953
953 953
953 953
953 953
953 953
953 953
954 954
954 954
954 954
954 954
954 954
954 954
954 955
955 955
955 955
955 955
955 955
956 956
956 956
956 956
956 956
956 957
957 957
957 957
957 957
957 957
957 957
958 958
958 958
958 958
958 958
958 958
958 958
959 959
959 959
959 959
959 959
959 959
959 959
960 960
960 960
960 960
960 960
961 961
961 961
961 961
961 961
961 961
961 961
961 962
962 962
962 962
962 962
962 962
962 962
962 963
963 963
963 963
963 963
963 963
963 963
963 963
963 964
964 964
964 964
964 964
964 965
965 965
965 965
965 965
965 965
965 966
966 966
966 966
966 966
966 966
966 966
966 967
967 967
967 967
967 967
968 968
968 968
968 968
969 969
969 969
969 969
969 969
969 969
969 969
969 969
969 969
969 969
970 970
970 970
970 970
970 970
970 970
971 971
971 971
971 971
971 972
972 972
972 972
972 972
972 972
972 972
972 973
973 973
973 973
973 973
973 973
974 974
974 974
974 974
974 974
974 974
975 975
975 975
975 975
975 976
976 976
976 976
976 977
977 977
977 977
977 977
977 978
978 978
978 978
978 978
978 978
978 978
979 979
979 979
979 979
979 979
979 980
980 980
980 980
980 980
980 980
981 981
981 981
981 981
981 981
981 982
982 982
982 982
982 982
982 982
982 982
982 983
983 983
983 983
983 983
983 983
983 984
984 984
984 984
984 984
984 984
984 984
985 985
985 985
985 985
985 985
985 985
985 986
986 986
986 986
986 986
986 986
986 986
986 986
987 987
987 987
987 987
987 987
987 987
987 988
988 988
988 988
988 989
989 989
989 989
989 989
989 989
989 989
989 989
989 989
989 989
990 990
990 990
990 990
990 990
990 990
990 990
990 990
990 991
991 991
991 991
991 991
991 991
991 991
992 992
992 992
992 992
992 992
992 992
992 992
992 993
993 993
993 993
993 993
993 993
993 993
994 994
994 994
994 994
994 994
994 994
994 994
994 994
994 994
994 994
995 995
995 995
995 995
995 995
995 995
995 995
995 995
996 996
996 996
997 997
997 997
997 997
997 997
997 997
998 998
998 998
998 998
998 998
999 999
999 999
999 999
999 999
1000 1000
1000 1000
1000 1000
1000 1000
