5 7
6 7
7 8
8 9
4 12
11 12
12 13
12 14
13 15
13 16
17 18
18 19
13 28
32 33
33 34
34 35
35 36
35 37
35 38
40 41
35 46
43 46
44 46
45 46
9 49
20 50
23 52
24 57
40 57
57 58
58 59
8 60
30 61
62 67
63 67
64 67
34 68
65 68
67 68
66 69
68 69
71 72
8 74
47 74
75 76
77 78
78 79
80 81
12 82
70 85
75 85
3 87
54 87
86 87
86 88
87 89
72 90
10 93
25 93
42 93
91 93
92 93
93 94
33 96
39 96
27 97
41 97
56 97
73 97
81 97
97 99
98 99
47 100
30 103
47 105
54 106
69 107
53 108
77 108
75 109
85 109
51 110
71 111
111 112
113 114
107 115
115 116
115 117
51 118
55 118
4 119
50 119
120 121
29 122
91 122
100 122
121 122
10 124
97 124
94 128
112 128
125 128
126 128
127 128
18 129
28 129
25 130
93 130
97 134
24 135
25 138
49 138
130 138
137 138
29 139
101 139
122 139
137 139
138 139
34 140
139 140
34 141
140 141
137 142
95 143
102 144
135 145
13 146
53 146
95 147
110 147
118 147
55 148
137 149
84 150
142 150
55 151
102 152
123 152
145 152
59 153
61 153
152 153
31 154
153 154
152 155
35 156
152 156
153 156
152 157
153 158
28 159
26 160
42 162
161 162
162 163
161 164
26 165
40 166
57 166
76 169
167 169
168 169
46 170
94 170
169 170
51 171
87 171
123 172
153 172
31 173
91 173
103 173
55 174
118 174
20 175
165 175
87 177
106 177
176 177
176 178
176 179
41 180
149 180
45 183
79 183
104 183
181 183
182 183
75 184
105 185
139 185
168 186
184 186
60 187
155 188
173 188
17 189
102 189
76 190
149 190
162 190
110 191
143 191
156 192
191 192
50 193
123 193
144 193
87 194
144 195
160 195
55 197
87 197
148 197
151 197
19 198
79 198
178 198
183 199
197 199
196 200
197 200
198 200
39 201
142 201
25 202
110 203
194 203
8 204
49 204
97 204
114 204
137 204
187 204
178 205
107 206
115 206
128 206
204 206
205 206
8 207
124 207
60 208
100 209
209 210
209 211
209 212
71 214
111 214
213 214
40 217
82 217
216 217
82 220
219 220
103 221
133 221
136 222
70 223
136 223
218 223
215 224
220 224
168 226
222 226
186 227
215 227
136 228
167 228
225 228
186 229
225 229
52 230
72 230
40 231
123 231
142 233
232 233
128 234
133 235
134 235
235 236
238 239
240 241
244 246
245 246
247 249
248 249
237 251
250 251
251 252
253 254
245 256
255 258
256 258
259 260
260 261
260 266
265 266
267 268
269 273
270 273
271 273
272 273
273 274
248 279
278 279
263 280
278 281
241 283
253 283
281 283
282 283
254 284
283 284
275 285
259 286
250 288
251 288
287 289
290 291
278 294
281 294
283 295
294 295
245 297
277 297
292 297
254 298
257 298
297 298
293 299
296 299
278 301
281 301
294 301
300 301
248 304
279 304
283 304
303 304
257 305
284 305
304 305
302 306
264 307
296 307
256 309
257 310
309 310
248 311
279 311
248 312
278 312
279 312
281 312
294 312
301 312
304 312
311 312
276 313
313 314
239 315
284 315
298 315
302 315
305 315
314 315
237 317
316 317
250 318
318 319
262 320
319 320
251 321
318 321
307 322
273 324
291 324
323 324
313 325
239 326
326 327
253 328
246 329
328 329
238 332
331 332
260 333
263 333
280 333
243 334
277 334
297 334
289 335
317 335
239 336
252 336
315 336
335 336
335 337
337 338
296 339
307 339
330 339
339 340
242 341
276 341
297 342
341 342
261 343
310 343
261 344
310 344
268 345
340 345
259 349
265 349
348 349
240 350
275 350
286 350
333 351
346 351
347 351
350 351
308 352
331 352
238 353
352 353
242 354
331 354
341 354
352 354
314 355
354 355
329 356
308 357
248 359
256 359
279 359
243 360
358 360
268 361
273 361
291 361
298 361
360 361
241 362
241 363
241 364
295 364
241 365
283 365
250 366
256 367
309 367
259 368
349 368
250 369
318 369
366 369
245 370
271 371
334 372
352 373
251 375
356 376
245 377
277 377
370 377
374 377
326 378
330 379
256 380
359 380
259 381
382 383
384 385
385 386
389 390
390 391
383 392
390 393
392 394
392 395
395 396
395 397
395 398
395 399
391 401
400 401
401 402
403 404
391 405
404 405
406 407
390 408
401 410
409 410
412 413
412 414
415 416
394 418
395 419
417 420
418 420
419 420
390 422
391 424
413 424
423 424
383 425
419 425
424 425
425 426
382 428
387 429
415 429
422 429
404 430
408 430
430 431
430 432
401 434
433 434
391 435
401 435
431 435
388 436
407 436
401 438
421 438
437 438
429 440
439 440
393 441
440 441
423 442
415 443
423 443
382 444
385 444
385 445
428 445
383 446
392 446
425 446
447 448
415 449
407 450
412 451
427 451
450 452
382 453
382 454
453 454
407 455
418 455
393 456
404 456
412 458
427 458
454 458
404 459
456 459
434 460
457 460
382 461
412 461
452 462
412 463
442 463
448 464
455 464
441 465
448 466
462 466
412 467
442 467
449 467
415 468
429 468
463 468
428 469
453 469
430 471
437 471
470 471
411 472
437 472
475 476
477 478
476 479
478 479
473 480
478 480
476 483
482 483
481 484
483 484
484 485
481 488
484 488
480 490
486 490
477 491
479 492
483 492
491 492
481 493
485 493
481 494
90 495
483 495
494 495
484 496
491 496
477 497
484 497
213 498
495 498
499 500
501 503
502 503
510 511
510 512
514 518
515 519
516 519
517 519
518 519
115 521
520 521
503 522
522 523
522 524
525 526
523 527
527 528
524 529
527 529
529 530
522 531
525 531
531 532
510 533
534 535
535 536
510 537
533 537
505 538
506 538
538 539
538 540
538 541
538 542
538 543
508 544
542 544
543 544
505 545
506 545
504 547
531 547
546 547
500 548
547 548
510 549
533 549
541 549
504 550
510 550
537 550
547 550
549 550
547 551
545 552
545 553
546 554
551 554
552 554
553 554
503 555
531 555
535 556
545 557
556 557
534 558
545 558
509 560
542 560
543 560
559 560
557 561
555 562
556 562
561 562
503 563
531 563
505 564
507 564
542 564
506 565
507 565
543 565
531 567
547 567
566 567
539 568
540 568
500 569
521 569
532 569
568 569
508 570
508 571
500 572
531 572
534 573
576 577
575 581
581 582
581 583
580 584
583 584
585 586
588 589
588 590
591 592
577 593
588 593
593 594
593 595
587 596
591 596
596 597
596 598
596 599
596 600
596 601
602 603
603 604
603 605
607 608
577 609
606 609
608 609
608 610
581 611
611 612
584 613
612 613
614 615
586 617
616 617
613 618
596 619
620 621
586 623
622 623
575 624
580 625
618 625
593 627
626 627
591 629
628 629
630 631
631 633
632 633
613 635
634 635
615 638
631 638
637 638
575 639
611 639
639 640
642 643
581 644
644 645
635 647
643 647
646 647
648 649
583 651
621 652
638 652
650 652
651 652
623 654
653 654
574 656
596 656
603 656
608 656
604 657
627 657
641 657
655 657
656 657
574 658
574 659
608 661
660 661
578 663
662 663
604 665
664 665
583 666
617 667
623 667
631 667
666 667
586 668
654 668
636 670
583 671
670 671
671 672
671 673
613 675
674 675
586 678
677 678
583 679
651 679
666 679
638 680
678 680
679 680
679 681
679 682
638 684
652 684
680 684
683 684
643 686
680 686
685 686
631 688
654 688
687 688
603 690
661 690
689 690
588 691
665 691
679 692
691 693
693 694
629 695
656 695
695 696
697 698
611 699
578 701
674 701
680 701
699 701
700 701
586 702
644 703
669 703
593 704
705 706
623 707
680 707
636 708
705 708
708 709
657 711
710 711
636 712
670 712
703 712
712 713
714 715
631 717
667 717
716 717
579 719
676 719
715 719
718 719
609 721
711 721
720 721
721 722
579 724
615 724
633 724
638 724
649 724
652 724
676 724
719 724
723 724
651 725
666 725
679 725
691 725
693 725
724 725
719 726
636 727
697 727
727 728
574 729
688 731
730 731
701 733
732 733
621 735
733 735
734 735
657 737
691 737
736 737
738 739
741 742
740 743
742 743
742 744
743 745
739 747
738 748
739 749
747 749
747 750
748 751
749 752
739 756
749 756
754 756
755 756
756 757
741 758
742 759
758 759
741 761
758 761
760 761
738 762
753 763
764 765
766 770
769 770
767 771
768 771
770 771
770 772
763 773
747 774
749 775
742 776
762 776
758 777
761 777
741 778
746 779
761 779
773 780
779 780
753 782
779 782
779 783
769 784
770 785
775 785
784 785
755 786
761 788
778 788
779 788
787 788
756 790
782 790
786 790
791 792
792 793
778 794
794 795
769 796
779 798
797 798
782 799
799 800
743 801
753 802
765 802
779 802
781 802
786 802
790 802
742 803
793 803
794 803
747 804
748 804
802 806
805 806
794 807
807 808
792 810
809 810
757 811
757 812
759 813
762 813
777 813
739 814
743 814
762 814
814 815
773 816
816 817
817 818
763 819
818 819
802 820
808 821
810 821
757 822
771 822
757 823
771 823
824 825
520 827
826 827
825 828
520 831
830 831
828 833
832 833
828 835
834 835
827 836
837 838
838 839
840 841
824 843
826 844
843 845
845 846
846 847
836 852
837 852
851 852
832 853
849 853
850 853
830 854
848 854
853 854
854 855
826 857
853 858
845 859
854 859
858 859
842 860
853 860
832 861
842 861
842 862
853 862
853 863
858 863
843 864
851 864
832 865
830 866
830 867
830 868
845 869
836 870
836 871
851 872
832 873
874 875
826 876
844 876
874 877
847 878
845 879
858 880
874 880
856 881
858 882
863 882
881 882
845 883
882 883
857 884
870 884
873 884
847 885
847 886
847 887
847 888
832 890
853 890
880 890
834 891
877 891
856 892
874 892
845 893
875 893
892 893
830 894
868 894
875 894
834 895
891 895
894 895
873 896
894 896
849 897
868 898
845 899
851 899
879 899
873 900
851 901
856 901
889 901
830 902
844 902
830 903
830 904
830 905
848 906
848 907
848 908
830 909
846 910
845 911
911 916
912 916
913 916
911 917
914 917
915 917
830 918
830 919
863 920
920 925
921 925
922 925
920 926
923 926
924 926
870 927
877 927
884 927
900 927
901 927
871 928
877 928
889 928
901 928
927 928
872 929
877 929
898 929
881 930
901 930
830 931
933 934
933 935
936 937
938 939
935 940
940 941
942 943
943 944
941 945
945 946
947 948
947 949
948 950
949 950
951 952
936 953
938 955
955 956
941 958
957 958
938 960
948 961
947 963
959 964
964 965
966 967
933 968
934 968
949 969
950 970
969 970
953 972
964 972
971 972
951 974
950 977
67 978
978 979
980 981
952 982
954 982
938 983
983 984
959 986
986 987
79 988
986 988
962 990
976 991
957 992
961 992
991 992
940 993
989 993
943 994
968 994
969 995
183 996
965 996
988 996
991 997
993 998
950 999
995 1000
1000 1001
942 1002
942 1004
977 1004
1001 1004
944 1005
958 1005
967 1005
996 1005
1004 1005
1004 1006
1004 1007
1004 1008
936 1009
974 1009
985 1009
952 1010
990 1010
1009 1010
985 1011
962 1012
1011 1012
932 1013
940 1013
1004 1013
955 1014
980 1014
939 1015
1014 1015
1015 1016
1017 1018
964 1020
968 1020
972 1020
1003 1020
1019 1020
1017 1021
951 1022
973 1022
951 1023
973 1023
963 1024
966 1025
970 1025
999 1025
1004 1025
1024 1025
1025 1026
942 1027
943 1027
994 1027
1003 1027
68 1029
104 1029
952 1029
962 1029
1028 1029
973 1030
1018 1030
1030 1031
1029 1032
949 1033
975 1033
997 1033
1033 1034
939 1035
978 1035
970 1036
1004 1036
1029 1037
1029 1038
1029 1039
1040 1041
948 1042
1025 1042
985 1043
1011 1043
1040 1043
1002 1044
1025 1044
1018 1045
1021 1045
1030 1045
947 1046
976 1046
991 1046
947 1047
975 1047
957 1048
992 1048
1004 1048
1034 1048
936 1049
953 1049
955 1049
983 1049
1018 1049
1021 1049
1022 1049
1023 1049
939 1050
1049 1050
68 1051
952 1051
1031 1051
1049 1051
932 1052
974 1053
990 1053
104 1054
960 1054
980 1054
951 1055
1009 1055
1040 1055
967 1056
996 1056
1005 1056
944 1057
1051 1057
1021 1058
1022 1058
1023 1058
1045 1058
1059 1060
1059 1061
1062 1064
1066 1067
1068 1069
1071 1072
1073 1075
1074 1075
1077 1078
1084 1085
1084 1086
1085 1087
1086 1087
1086 1089
1064 1090
1085 1090
1087 1090
1089 1090
1090 1091
1092 1093
1092 1094
1085 1096
1095 1096
1083 1097
1097 1098
1099 1100
1101 1102
1104 1105
1105 1106
1089 1107
1109 1110
1112 1115
316 1118
1064 1118
1117 1118
1120 1121
810 1123
821 1123
426 1124
1125 1126
1125 1127
1131 1134
1105 1135
1106 1136
1135 1136
1135 1137
1135 1138
1140 1141
1102 1142
1105 1142
1104 1144
1145 1147
1146 1147
1148 1149
1080 1153
1154 1155
1073 1158
1157 1158
1062 1159
1155 1160
1121 1162
1161 1162
1089 1164
1090 1165
1146 1165
1158 1165
1164 1165
1147 1166
1165 1166
1165 1167
1151 1169
1158 1169
1168 1169
1169 1170
1169 1174
1063 1175
1118 1175
1093 1176
284 1177
1176 1177
1104 1178
1105 1179
487 1182
1173 1183
1128 1186
1116 1188
1187 1188
1181 1189
1071 1190
1189 1190
1072 1191
1190 1191
1097 1192
1193 1194
1068 1195
1068 1196
1153 1196
1195 1196
1198 1199
487 1200
1169 1200
1174 1200
1201 1202
1201 1203
1146 1206
1205 1206
1071 1207
1108 1209
1209 1210
1211 1212
792 1213
410 1215
1214 1215
1074 1216
1086 1219
1155 1220
1143 1221
1086 1222
1076 1223
1081 1223
1083 1223
1223 1224
1101 1225
1128 1225
811 1226
812 1227
743 1229
799 1229
1226 1230
1227 1230
1229 1230
1188 1233
1232 1233
1234 1235
1235 1236
1231 1238
1237 1238
1107 1239
1161 1240
1132 1241
1122 1242
1130 1242
1077 1243
1166 1243
1190 1245
1231 1245
1217 1246
411 1247
1105 1248
1219 1250
1203 1252
1251 1252
1221 1253
1228 1253
1248 1255
799 1256
1256 1257
1155 1259
1160 1259
1258 1259
1223 1261
1260 1262
1176 1264
1106 1266
1242 1266
1243 1266
1265 1266
1069 1268
1267 1268
1269 1270
1271 1272
1271 1273
1121 1274
1149 1274
1099 1275
1100 1276
1275 1276
1275 1277
1277 1278
1071 1279
1279 1280
1149 1282
1281 1282
1095 1284
1249 1288
1286 1288
1287 1288
1204 1289
1241 1290
1220 1291
1256 1291
1292 1293
1082 1294
434 1296
1251 1296
1295 1296
1162 1298
1297 1298
1068 1299
1285 1299
1139 1300
1299 1300
1297 1301
1252 1303
1293 1303
1302 1303
1077 1305
1243 1305
1293 1305
1304 1305
1274 1306
1130 1307
1242 1307
1306 1307
1169 1308
1200 1308
1208 1308
1278 1308
1308 1309
1088 1310
1310 1311
1072 1312
1077 1312
1122 1312
1266 1312
1280 1312
1071 1313
1313 1314
1308 1315
1105 1316
1317 1318
1158 1321
1105 1322
1132 1322
1322 1323
1156 1325
1224 1325
1255 1325
1324 1325
1325 1326
1325 1327
1238 1328
1298 1328
1130 1329
1191 1329
1328 1329
1062 1330
1139 1331
1318 1331
1079 1333
1098 1333
1236 1333
1332 1333
1150 1334
1335 1336
1101 1337
1322 1337
1147 1339
1177 1339
1338 1339
1338 1340
1096 1342
1251 1342
1341 1342
1139 1344
1331 1344
1343 1344
1212 1345
1332 1345
1198 1347
1197 1348
1251 1348
1347 1348
1295 1349
1084 1350
1275 1351
1090 1352
1127 1352
1256 1352
1288 1352
1352 1353
1240 1354
1150 1355
1334 1355
1151 1356
1355 1356
1205 1358
1139 1360
1272 1360
1359 1360
1360 1361
1359 1362
1202 1363
1341 1363
1349 1363
1106 1364
1243 1364
1323 1364
1084 1366
1333 1368
1367 1368
1069 1370
1361 1370
1369 1370
1268 1372
1312 1372
1364 1372
1371 1372
1322 1373
1371 1373
1374 1375
1282 1376
1096 1378
1352 1378
1377 1378
1376 1381
1380 1381
1242 1382
1381 1382
1246 1383
1217 1384
1094 1385
1176 1386
1385 1386
1366 1387
1250 1388
1333 1390
1389 1390
1333 1395
1394 1395
1380 1396
1392 1396
1181 1397
1301 1397
1387 1398
1366 1399
1377 1399
1398 1399
1087 1400
1127 1400
1399 1400
803 1401
1229 1401
1256 1401
1168 1402
1170 1402
1370 1402
1392 1403
1152 1404
1316 1405
1376 1405
1404 1405
1190 1406
1218 1406
1289 1408
1267 1409
1320 1411
1410 1411
1165 1412
1390 1412
1133 1415
1158 1415
1194 1415
1321 1415
1413 1415
1414 1415
1218 1416
1066 1417
1067 1418
1409 1418
1417 1418
1084 1419
1250 1419
1101 1421
1375 1421
1405 1421
1420 1421
1242 1422
1421 1422
421 1423
1325 1423
1216 1424
1389 1424
1295 1425
1347 1425
1391 1425
1341 1426
1090 1428
1118 1428
1427 1428
1429 1430
1223 1431
1262 1431
1429 1431
1305 1432
1326 1432
1430 1432
1142 1433
1163 1434
1277 1434
1351 1434
1116 1435
1308 1435
1434 1435
1165 1437
1333 1437
1389 1438
1319 1439
1438 1439
1207 1440
1102 1441
1184 1441
1440 1441
1312 1442
1441 1442
1060 1443
1061 1443
1360 1443
1370 1444
1443 1444
1082 1445
1088 1445
1094 1445
1310 1445
1093 1446
1311 1446
1346 1446
1445 1446
1340 1447
1204 1448
1347 1448
1426 1448
1217 1449
1273 1449
1360 1449
1134 1450
1371 1450
1373 1450
1147 1451
1194 1451
1115 1452
1418 1452
1115 1453
1418 1453
1417 1454
1452 1455
1454 1455
1453 1456
1454 1456
1139 1457
1318 1457
1077 1458
1110 1458
1122 1458
1266 1458
1326 1458
1103 1459
1116 1460
1233 1460
1346 1460
1447 1460
1459 1460
1338 1461
1435 1461
1116 1462
1278 1462
1461 1462
1275 1465
1351 1465
1463 1465
1464 1465
1174 1466
1182 1466
1208 1466
1315 1466
1172 1467
1071 1468
1186 1468
1408 1469
1108 1470
1362 1470
1267 1471
1450 1471
1150 1472
1141 1473
1283 1473
1473 1474
1124 1475
1307 1475
1382 1475
1084 1477
1228 1477
1388 1477
1476 1477
1478 1479
563 1480
563 1481
1238 1482
1328 1482
1151 1483
1169 1483
1172 1483
1467 1483
1402 1484
1483 1484
1139 1485
1169 1485
1172 1485
1172 1486
1360 1486
1091 1487
1203 1487
1230 1487
1257 1487
1150 1488
1275 1488
1277 1488
1355 1488
1097 1489
1365 1489
1144 1490
1131 1492
1491 1492
1108 1494
1369 1494
1089 1495
1107 1495
1068 1496
1471 1496
1068 1497
1409 1497
1115 1498
1364 1499
1498 1499
1160 1500
1249 1500
1333 1501
1379 1501
1082 1502
1090 1503
1175 1503
1157 1504
1244 1504
1320 1504
1411 1504
1073 1505
1158 1505
1333 1505
1379 1505
1243 1506
1505 1506
1341 1507
1081 1509
1508 1509
1197 1511
1215 1511
1505 1511
1511 1512
1505 1513
1333 1514
1393 1514
1365 1515
1438 1515
1161 1516
1173 1517
1516 1517
1194 1520
1518 1520
1519 1520
1320 1521
1414 1521
1279 1522
1493 1522
1222 1523
1228 1523
1090 1524
1165 1524
1523 1524
1283 1525
1438 1525
1319 1526
1192 1527
1527 1528
1099 1529
1150 1529
1355 1529
1472 1529
1133 1530
1169 1530
1172 1530
1486 1530
1529 1530
1237 1531
1297 1531
1529 1532
1134 1533
1285 1534
1418 1534
1479 1534
1209 1535
1529 1535
1441 1536
1493 1536
1370 1537
1370 1538
1309 1539
1339 1539
1402 1539
1166 1540
1402 1540
1451 1540
1506 1540
1059 1541
1114 1542
1543 1546
1441 1547
1546 1547
1115 1551
1368 1551
1070 1552
1545 1552
1071 1553
1088 1555
1103 1555
1334 1557
1355 1557
1079 1558
1528 1558
1080 1559
1554 1560
1297 1561
1354 1561
1491 1564
1068 1565
1565 1566
1565 1567
1271 1568
1563 1568
1254 1569
1101 1572
1572 1573
1544 1574
1123 1575
1234 1576
1111 1578
1325 1578
1325 1579
1111 1580
1580 1581
1116 1583
1271 1585
1519 1587
1586 1587
1377 1592
1575 1592
1223 1593
1510 1593
1546 1594
1454 1597
1596 1597
1583 1598
1588 1598
1599 1600
1114 1602
1131 1604
1132 1608
1133 1609
1542 1610
1611 1612
1070 1614
1569 1617
1139 1618
1139 1619
1616 1619
1490 1620
1142 1621
1549 1621
1590 1621
1621 1622
1086 1623
1366 1623
1062 1624
1271 1625
1611 1626
1295 1628
1347 1628
1089 1629
1332 1630
1576 1630
1388 1631
1523 1631
1270 1633
1330 1633
1546 1637
1161 1640
1541 1643
1577 1644
1605 1644
1165 1645
1223 1646
1603 1647
1172 1648
1553 1652
1613 1653
1578 1656
1614 1658
1622 1661
1660 1661
1336 1662
1627 1662
1626 1663
1104 1665
1634 1666
1665 1666
1553 1669
1668 1669
1606 1673
1097 1676
1332 1676
1675 1676
1193 1677
1244 1677
1208 1678
1588 1678
1157 1683
1283 1683
1571 1684
1574 1684
1669 1684
1597 1685
1602 1685
1217 1686
1672 1686
1686 1687
1218 1688
1562 1688
1641 1688
1582 1690
1689 1690
1621 1691
1527 1693
1527 1694
1148 1695
1604 1698
1642 1698
1616 1699
1619 1699
1281 1700
1591 1700
1585 1701
1634 1702
1205 1704
1674 1705
1546 1707
1225 1708
1491 1709
1556 1711
1097 1712
1688 1713
1589 1715
1103 1716
1358 1718
1553 1719
1584 1720
1661 1721
1720 1721
1234 1722
1703 1723
1241 1724
1608 1724
1241 1725
1223 1726
1081 1727
1570 1727
1629 1728
1152 1729
1097 1730
1693 1730
1546 1732
1679 1733
1180 1734
1357 1734
1156 1735
1512 1735
1635 1737
1636 1737
1736 1737
1713 1738
1553 1739
1571 1739
1652 1741
1740 1742
1741 1742
1546 1743
1564 1744
1584 1744
1223 1745
1467 1747
1746 1747
1156 1748
1081 1749
1643 1750
1648 1751
1653 1751
1103 1752
1668 1753
1725 1754
1754 1755
1733 1757
1651 1758
1490 1759
1610 1759
1345 1760
1254 1761
1527 1761
1255 1762
1581 1763
1357 1764
1639 1765
1218 1766
1765 1766
1157 1769
1211 1769
1657 1770
1603 1772
1606 1772
1154 1773
1213 1773
1359 1774
1267 1775
1697 1775
1698 1775
1164 1776
1682 1777
1726 1777
1550 1778
1702 1779
1559 1780
1611 1780
1548 1781
1757 1781
1758 1781
1436 1782
421 1783
1738 1784
1279 1785
1657 1785
1684 1785
1562 1786
1649 1787
1670 1788
1652 1789
1753 1789
1740 1792
1790 1792
1791 1792
1207 1793
1440 1793
1650 1794
1707 1794
1723 1794
1793 1795
1794 1795
1650 1796
1708 1796
1254 1797
1407 1797
1223 1798
1263 1798
1285 1799
1673 1799
1287 1800
1733 1801
1290 1802
1679 1802
1639 1803
1641 1803
1297 1804
1298 1804
1299 1806
1647 1806
1799 1806
1667 1807
1062 1808
1627 1808
1105 1809
1236 1809
1437 1810
1439 1810
1306 1811
1632 1812
1308 1813
1314 1815
1671 1815
1788 1815
1315 1816
1505 1817
1514 1817
1316 1818
1560 1818
1604 1819
1660 1819
1325 1820
1324 1821
1748 1821
1603 1822
1635 1823
1117 1824
1119 1824
1658 1825
1695 1825
1659 1826
1417 1827
1706 1828
1129 1829
1709 1829
1337 1830
1543 1831
1753 1832
1768 1832
1615 1833
1681 1833
1283 1834
1113 1836
1600 1837
1830 1837
1553 1838
1807 1838
1767 1839
1838 1839
1554 1840
1702 1840
1346 1841
1712 1842
1414 1843
1521 1843
1189 1844
1556 1845
1612 1846
1756 1846
1805 1846
1632 1847
1778 1847
1718 1848
1776 1848
1660 1849
1811 1850
1065 1851
1399 1851
1164 1852
1704 1852
1589 1853
1583 1854
1583 1855
1562 1856
1688 1856
1692 1857
1352 1858
1341 1859
1689 1860
1664 1861
1126 1862
1360 1863
1645 1863
1163 1864
1752 1864
1205 1865
1358 1866
1586 1866
1691 1868
1775 1868
1708 1869
1743 1869
1870 1871
1870 1872
1141 1873
1414 1873
1680 1874
1507 1875
1105 1876
1498 1876
1684 1877
1771 1877
1651 1878
1762 1879
1324 1880
1570 1880
1618 1881
1756 1881
1653 1882
1845 1882
1438 1883
1748 1884
1775 1885
1545 1887
1715 1888
1853 1888
1553 1889
1667 1889
1198 1890
1510 1890
1199 1891
1659 1891
1379 1892
1383 1894
1384 1894
1893 1894
1710 1895
1786 1895
1654 1896
1655 1896
1672 1896
1686 1896
1759 1897
1770 1898
1782 1899
1065 1900
1899 1900
1234 1901
1617 1901
1367 1902
1711 1903
1746 1903
1074 1904
1157 1904
1675 1905
1692 1906
1785 1906
1465 1907
1643 1908
1756 1908
1784 1909
1638 1910
1218 1911
1313 1911
1247 1912
1729 1912
1097 1913
1823 1913
1664 1914
1684 1914
1646 1915
1867 1916
1892 1916
1582 1917
1690 1917
1362 1918
1494 1918
1415 1919
1813 1919
1416 1920
1710 1920
1715 1920
1599 1921
1418 1922
1820 1922
1423 1923
1884 1923
1515 1924
1525 1925
1271 1927
1585 1927
1359 1928
1681 1928
1433 1929
1590 1929
1637 1929
1720 1929
1831 1929
1549 1930
1113 1931
1862 1932
1288 1933
1932 1933
1436 1934
1932 1934
1893 1935
1935 1936
1541 1937
1928 1937
1925 1939
1938 1939
1905 1940
1080 1941
1129 1941
1931 1943
1932 1943
1724 1944
1574 1945
1779 1946
1104 1947
1620 1947
1185 1948
1523 1948
1359 1949
1563 1949
1774 1949
1896 1949
1583 1950
1854 1950
1855 1950
1457 1951
1835 1951
1462 1952
1467 1953
1613 1953
1648 1953
1882 1953
1144 1954
1717 1954
1119 1955
1159 1955
1553 1956
1898 1957
1089 1958
1787 1958
1595 1959
1898 1959
1714 1960
1775 1961
1418 1962
1961 1962
1632 1963
1822 1963
1961 1963
1964 1965
1694 1966
1066 1968
1114 1968
1607 1969
1968 1969
1154 1970
1600 1971
1429 1973
1367 1974
1722 1974
1703 1975
1794 1975
1725 1976
1926 1976
1909 1977
1522 1978
1977 1978
1407 1979
1509 1979
1842 1980
1697 1981
1407 1982
1967 1982
1490 1983
1577 1984
1491 1985
1981 1985
1441 1986
1579 1986
1493 1987
1205 1988
1902 1989
1970 1990
1256 1991
1858 1991
1550 1992
1878 1992
1290 1993
1498 1993
1992 1993
1241 1994
1498 1994
1992 1994
1800 1995
1336 1996
1728 1996
1607 1997
1501 1998
1760 1998
1867 1998
1916 1998
1942 1998
1583 1999
1588 1999
1854 1999
1601 2000
1801 2000
1059 2001
1615 2001
1625 2002
1701 2002
1927 2002
1624 2003
1827 2005
1355 2006
1705 2006
1746 2007
1972 2008
1495 2009
1972 2009
2004 2009
1781 2010
1812 2010
1583 2011
1598 2011
1950 2011
1670 2012
1622 2013
1164 2014
1649 2014
1332 2015
1424 2015
1089 2016
1350 2016
2016 2017
1510 2018
1706 2018
1964 2018
1511 2019
1826 2019
2018 2019
1123 2020
1377 2020
1512 2021
1814 2022
1857 2022
1740 2024
1792 2024
2023 2024
1989 2025
1998 2025
1515 2026
1939 2026
1070 2027
1960 2028
1961 2028
1892 2029
1942 2029
1522 2030
1696 2030
1814 2030
1768 2031
1945 2032
2031 2032
1828 2033
1964 2033
1059 2034
1643 2034
1310 2035
1205 2036
1680 2036
1595 2037
1652 2037
1957 2037
1652 2038
1861 2038
1544 2039
2038 2039
1785 2040
2031 2040
1473 2041
1764 2041
1604 2042
1819 2042
1358 2043
2043 2044
1826 2045
2019 2045
1884 2046
2019 2046
2045 2046
1591 2047
1836 2048
1995 2048
1185 2049
1477 2049
1733 2050
1976 2050
1732 2051
1771 2051
1572 2052
1952 2055
2056 2058
1306 2059
2027 2059
2056 2059
1103 2060
1099 2061
1907 2061
1146 2062
1146 2063
1608 2064
1642 2066
1661 2066
1870 2066
1648 2067
1065 2068
1427 2068
1841 2069
1094 2070
1459 2071
2071 2072
1459 2073
1185 2074
2003 2074
1209 2075
1529 2075
1445 2076
1984 2077
2037 2077
1841 2078
1724 2079
1754 2079
1926 2079
1459 2080
2054 2080
2081 2082
2055 2083
2082 2083
2081 2084
2083 2084
1204 2085
1477 2085
1582 2086
1755 2086
1759 2087
1897 2087
1944 2088
2053 2088
1094 2090
1159 2091
1638 2091
2082 2093
1459 2094
2078 2094
1092 2095
1385 2095
1322 2096
1599 2096
1689 2096
2064 2096
1322 2097
1599 2097
1860 2097
1944 2097
1573 2098
1622 2098
1837 2098
1708 2099
2069 2100
2072 2100
2073 2100
1377 2103
1459 2104
1868 2105
2057 2105
2054 2106
2060 2106
2093 2106
2104 2106
1459 2107
2072 2107
1095 2108
2103 2108
1548 2109
1714 2110
1469 2111
1409 2112
1731 2112
2109 2112
1944 2113
2000 2113
1573 2114
1622 2114
1932 2115
1731 2116
1960 2116
1450 2117
1849 2117
1450 2118
1849 2118
1921 2118
2053 2118
1277 2119
1355 2119
1488 2119
1103 2120
1841 2121
2100 2121
1459 2122
1460 2123
2062 2123
1460 2124
2063 2124
1527 2125
1967 2125
2013 2126
2101 2126
1471 2127
1872 2127
1471 2128
1871 2128
2088 2128
1601 2129
1731 2129
1472 2130
1971 2132
2089 2133
2122 2133
1092 2134
2095 2134
1716 2135
1952 2136
2081 2136
2120 2136
1308 2137
1466 2137
1488 2137
1100 2138
1308 2138
1356 2138
1488 2138
1952 2139
2065 2139
2136 2139
1284 2140
1875 2140
1553 2141
2092 2141
1952 2142
2084 2142
1459 2143
2089 2143
1886 2144
2102 2144
2130 2144
2131 2144
2101 2145
2132 2145
2145 2146
1608 2147
1944 2147
1816 2148
1588 2149
1816 2149
2148 2149
1601 2150
1921 2150
2053 2150
2113 2150
2117 2150
2127 2152
2129 2152
2105 2153
2132 2153
1830 2154
2101 2154
1320 2155
1843 2155
2135 2155
1483 2156
1613 2156
1751 2156
1886 2156
2102 2156
1297 2157
1531 2157
1561 2157
1094 2158
1385 2158
1984 2160
2159 2160
1741 2161
2151 2161
2159 2161
1663 2162
1806 2162
2110 2162
1180 2163
2111 2163
2070 2164
2070 2165
1686 2166
1701 2166
2158 2168
2158 2169
1470 2172
1529 2172
1977 2174
2030 2174
2173 2174
1099 2175
1535 2175
1927 2176
2176 2177
1099 2178
1488 2178
1171 2179
1344 2179
2179 2180
1267 2181
1746 2182
2177 2182
1163 2183
1434 2183
1308 2184
1952 2185
2065 2185
1952 2186
2065 2186
1467 2187
1470 2187
1163 2188
1351 2188
2090 2189
2095 2189
2167 2189
1310 2190
2076 2190
1310 2191
2170 2191
2171 2191
2190 2191
1412 2192
1526 2192
1223 2193
1712 2193
1116 2194
1446 2194
1929 2195
2052 2195
2181 2196
2184 2197
2198 2199
2199 2200
1505 2201
1276 2202
2200 2202
2198 2203
2201 2203
801 2206
2204 2209
2204 2210
2209 2211
2210 2211
394 2212
2206 2212
2211 2212
2220 2221
392 2222
2220 2222
2221 2222
2221 2223
2225 2227
2219 2228
2221 2228
2222 2228
2226 2229
395 2230
2220 2231
2227 2233
2222 2234
2235 2237
2236 2237
2240 2241
2207 2243
2218 2243
2241 2248
2247 2248
2247 2249
2248 2250
2248 2251
2248 2252
2246 2255
2220 2260
2234 2261
2257 2261
2258 2261
2259 2261
2229 2262
2266 2267
2266 2268
2266 2269
2267 2270
2265 2271
2272 2274
2273 2274
2275 2276
2253 2280
388 2281
2211 2281
2256 2281
2263 2281
2280 2281
395 2282
419 2282
2281 2282
2279 2283
2281 2283
2282 2283
2238 2284
2263 2285
2284 2285
2216 2287
2275 2289
2237 2290
2254 2291
2289 2291
2220 2294
2234 2297
2261 2297
2295 2297
2296 2297
2298 2299
2281 2301
2255 2302
789 2303
2281 2303
2232 2304
2262 2305
2264 2305
385 2306
2245 2307
2234 2308
2241 2309
2304 2309
2252 2310
519 2311
2234 2311
2238 2312
2224 2313
2244 2314
2290 2314
2287 2315
2230 2316
2315 2316
2277 2319
2221 2320
2223 2320
2313 2320
2318 2320
2319 2320
2320 2321
2320 2322
2320 2323
2239 2324
2242 2324
2254 2326
2317 2326
2234 2327
2326 2327
2325 2328
2326 2328
2327 2328
2306 2329
2284 2330
2218 2331
2243 2331
2293 2331
2317 2331
2266 2332
2271 2333
2286 2333
2242 2334
2280 2335
2335 2337
2288 2340
2297 2342
68 2343
2342 2343
2216 2344
2217 2345
2310 2345
2344 2345
2217 2346
2230 2346
2292 2347
2302 2347
2334 2348
2223 2349
2348 2349
839 2350
2326 2351
2301 2353
2303 2353
2241 2354
2214 2356
2230 2356
2262 2356
2336 2356
2324 2357
2226 2358
2313 2358
2233 2359
2232 2360
2278 2360
2359 2361
2339 2362
2341 2362
2361 2362
2261 2363
2311 2363
2350 2363
2362 2363
2362 2364
2239 2365
2318 2365
2292 2366
2335 2366
2237 2367
2289 2367
2234 2368
2297 2368
2367 2368
2215 2369
2248 2369
2316 2369
2277 2370
2334 2370
2357 2370
2273 2371
2281 2371
2300 2371
2353 2371
2218 2372
2331 2372
2335 2373
2281 2374
2373 2374
2220 2375
2355 2375
2289 2376
2367 2376
2373 2377
2253 2378
2377 2378
2326 2379
2266 2380
2332 2380
2205 2381
2267 2381
2288 2381
2293 2381
2340 2381
2352 2381
2380 2381
2222 2382
2234 2382
2308 2382
2327 2382
2381 2382
2381 2383
2381 2384
2246 2385
2377 2385
2215 2386
2286 2386
2354 2386
2245 2387
2307 2387
2308 2387
2338 2387
2351 2387
2352 2387
2379 2387
2275 2388
2331 2388
2367 2388
2207 2389
2284 2391
2330 2391
394 2392
2320 2392
2391 2392
2390 2393
2391 2393
2392 2393
2381 2394
2389 2394
2213 2395
2237 2395
2218 2396
2372 2396
2381 2397
2396 2397
2396 2398
2396 2399
2339 2400
2220 2401
2355 2401
2220 2402
2375 2402
2224 2403
2336 2403
2220 2404
2231 2404
2294 2404
2329 2404
2391 2404
2324 2405
2348 2405
2256 2406
2273 2406
2298 2406
2299 2406
2302 2407
2385 2407
2232 2408
2408 2409
2214 2410
2354 2410
2208 2411
2248 2411
751 2412
752 2413
2265 2413
2278 2413
2412 2413
2307 2414
2267 2415
2414 2415
776 2416
789 2416
2221 2417
2383 2417
2384 2417
2338 2418
2381 2418
2245 2419
2326 2419
2244 2420
2420 2421
2423 2424
489 2425
2430 2431
2433 2435
2436 2438
2437 2438
2440 2442
2441 2442
1183 2446
2438 2448
2449 2450
2452 2453
2446 2456
2455 2457
2456 2457
2424 2458
2457 2458
2459 2460
2461 2462
2433 2470
2469 2470
2473 2474
2472 2475
2473 2475
2472 2476
2473 2476
2478 2479
2478 2480
2479 2481
2473 2482
2425 2484
2463 2485
2457 2486
2427 2488
2487 2488
2434 2489
2471 2492
2491 2492
2489 2494
2484 2495
2489 2497
2445 2501
2500 2501
2474 2502
2501 2502
2483 2504
2506 2507
2508 2509
2508 2510
2497 2512
2513 2514
2515 2516
2515 2517
2424 2518
2474 2518
2507 2518
2515 2518
2442 2520
2488 2520
2504 2521
2433 2523
2457 2524
2467 2526
2485 2527
2438 2528
2499 2529
2529 2530
2519 2532
2532 2533
2534 2535
2498 2537
2537 2538
489 2541
2532 2541
489 2542
2463 2542
2485 2542
2527 2542
2498 2543
2537 2543
2428 2544
2447 2544
489 2547
2484 2547
2536 2547
2545 2547
2546 2547
2527 2548
2538 2548
2537 2549
2451 2550
2537 2550
2548 2550
2549 2550
2473 2551
2501 2551
2528 2553
2537 2553
2544 2553
2478 2554
1130 2556
2531 2556
2458 2557
2474 2557
2518 2557
2556 2557
2445 2558
2473 2558
2482 2558
2520 2558
2453 2559
2451 2560
2467 2560
2484 2560
2493 2560
2526 2560
2549 2560
56 2561
80 2561
132 2561
2533 2563
2565 2566
2553 2574
2573 2574
2449 2575
2487 2575
2432 2577
2499 2578
2529 2578
2578 2579
2574 2580
2488 2582
2540 2582
2581 2582
2427 2585
2435 2585
2453 2585
2460 2585
2488 2585
2523 2585
2577 2585
2584 2585
2433 2587
2471 2587
2492 2587
2576 2587
2586 2587
2431 2589
2460 2589
2458 2590
2474 2590
2479 2590
2544 2591
2574 2591
2457 2592
2458 2592
2566 2592
2568 2592
2571 2592
1307 2593
2429 2594
2496 2594
2513 2594
2514 2594
2519 2594
2532 2594
2438 2595
2468 2595
2553 2595
2583 2595
2447 2596
2574 2596
2458 2598
2518 2598
2597 2598
2526 2599
2521 2600
2574 2600
2518 2601
2444 2603
2503 2603
2559 2603
2585 2603
2593 2604
2527 2605
2538 2605
2604 2605
2605 2606
2553 2607
2583 2607
2602 2607
2606 2607
2503 2608
2603 2608
2502 2610
2522 2610
2606 2610
2527 2611
2531 2611
2605 2611
2610 2611
2507 2612
2521 2613
2442 2615
2508 2615
2614 2615
2428 2616
2455 2616
2457 2616
2486 2616
2521 2616
2524 2616
2613 2616
2604 2617
2605 2617
2433 2618
2562 2619
2555 2620
2505 2621
2433 2622
2607 2622
2433 2623
2607 2623
2442 2626
2492 2626
2508 2626
2558 2626
2624 2626
2625 2626
2535 2628
2438 2630
2486 2631
2438 2632
2630 2633
2530 2635
2544 2636
2616 2636
2434 2637
2621 2637
2634 2637
2438 2638
2468 2638
2609 2639
2520 2640
2576 2640
2473 2641
2491 2642
2500 2642
2642 2643
2472 2644
2500 2644
2491 2645
2644 2646
2643 2647
2644 2647
2645 2647
2646 2648
2647 2648
2607 2650
2462 2653
2606 2653
2425 2654
2427 2655
2563 2657
2533 2658
2432 2660
2433 2661
2568 2665
2657 2666
2433 2667
2661 2667
2662 2667
2655 2668
2434 2669
2435 2671
2671 2672
2584 2673
2671 2673
2457 2676
2564 2676
2675 2676
489 2679
2678 2679
2443 2680
2438 2681
2438 2682
2661 2683
2443 2684
2444 2684
2684 2685
2448 2686
2689 2690
2573 2691
2656 2692
2451 2693
2453 2696
2433 2697
2697 2698
2433 2700
2535 2700
2433 2701
2621 2701
2457 2702
2695 2702
2592 2703
2661 2704
2443 2706
2444 2707
2454 2708
2455 2708
2699 2708
2584 2709
2673 2709
2463 2711
2463 2712
2677 2713
2464 2715
2449 2716
2464 2716
2465 2716
2466 2716
2584 2716
2467 2717
2449 2718
2716 2718
2584 2719
2716 2719
2552 2720
2584 2721
2468 2722
2720 2722
2530 2724
2530 2725
2724 2725
2541 2727
2426 2728
2497 2728
2426 2729
2489 2729
2728 2730
2729 2731
2574 2732
2606 2732
2483 2735
2735 2736
2733 2737
2735 2737
2736 2737
2654 2739
2738 2739
2484 2740
2738 2740
2740 2741
2484 2742
2485 2742
2742 2743
2702 2744
2723 2754
2723 2755
2721 2756
2686 2757
2490 2758
2658 2758
2493 2759
2651 2759
2739 2759
2494 2760
2494 2761
2494 2762
2484 2763
2532 2764
2541 2764
2763 2764
2495 2765
2654 2765
2739 2765
2496 2766
2766 2767
2496 2768
2497 2768
2768 2769
2770 2771
2499 2774
2499 2775
2505 2776
2685 2777
2723 2778
2736 2778
2670 2779
2770 2779
2726 2780
2770 2780
2779 2780
2503 2781
2504 2782
2782 2783
2504 2784
2782 2784
2783 2784
2695 2786
2702 2786
2785 2786
2665 2787
2526 2788
2619 2788
2562 2789
2607 2789
2543 2790
2529 2791
2790 2791
2446 2792
2456 2792
2574 2793
2606 2793
2512 2794
2651 2794
2669 2794
2759 2794
2670 2795
2796 2797
489 2798
2663 2798
2664 2798
2796 2799
2797 2799
2798 2799
2552 2800
2505 2801
2526 2803
2527 2803
2803 2804
2521 2805
2735 2805
2521 2806
2552 2808
2477 2809
2514 2809
2705 2809
2714 2810
2573 2811
2523 2812
2661 2812
2683 2812
2446 2813
2526 2814
2430 2815
2564 2816
2816 2817
2661 2818
2797 2819
2799 2819
2532 2820
2533 2820
2820 2821
2532 2822
2533 2822
2822 2823
2654 2824
2819 2824
2560 2825
2734 2826
2539 2827
2540 2827
2826 2827
489 2831
2542 2831
2831 2832
489 2833
2541 2833
2828 2833
489 2834
2541 2834
2829 2834
489 2835
2541 2835
2830 2835
2661 2836
2690 2836
2818 2836
2454 2837
2723 2837
2778 2837
2723 2838
2778 2838
2795 2838
2837 2838
2705 2839
2759 2839
2809 2839
2536 2840
2777 2841
2807 2841
2543 2842
2552 2842
2808 2842
2543 2843
2552 2844
2686 2845
2722 2845
2547 2846
2547 2847
2549 2848
2549 2849
2848 2850
2849 2850
2550 2851
2850 2851
2549 2852
2549 2853
2548 2854
2548 2855
2723 2856
2755 2856
2778 2856
2837 2856
2544 2857
2845 2857
2857 2858
2544 2859
2845 2859
2859 2860
2544 2861
2845 2861
2861 2862
2477 2863
2809 2863
2819 2864
2824 2864
2818 2865
2552 2869
2553 2869
2552 2870
2553 2870
2552 2871
2553 2871
2871 2872
2528 2873
2552 2873
2873 2874
2869 2875
2870 2876
2759 2877
2814 2877
2839 2877
2584 2879
2721 2879
2696 2880
2878 2880
2559 2881
2879 2881
2880 2881
2560 2882
2739 2882
2759 2882
2839 2882
2877 2882
2438 2884
2616 2884
2616 2885
2884 2886
2885 2887
2584 2888
2721 2888
2756 2888
2879 2888
2673 2889
2690 2890
2563 2891
2564 2893
2892 2893
2567 2894
2568 2894
2569 2895
2703 2895
2895 2896
2570 2897
2571 2897
2571 2898
2572 2898
2560 2899
2882 2899
2899 2900
2577 2901
2812 2902
2574 2903
2574 2904
2573 2905
2574 2906
2552 2907
2583 2907
2656 2907
2692 2907
2842 2907
2592 2908
2593 2908
2908 2909
2584 2910
2585 2910
2589 2911
2674 2913
2850 2913
2529 2915
2656 2915
2791 2915
2528 2916
2596 2916
2873 2916
2529 2917
2595 2917
2656 2917
2907 2917
2915 2917
2537 2919
2543 2919
2693 2920
2552 2921
2800 2921
2543 2922
2790 2922
2912 2922
2923 2924
2915 2925
2917 2925
2595 2926
2917 2926
2595 2927
2917 2927
2925 2928
2456 2929
2739 2931
2840 2931
2846 2931
2599 2932
2595 2933
2635 2933
2840 2934
2931 2934
2573 2935
2600 2935
2686 2935
2691 2935
2845 2935
2850 2936
2923 2936
2923 2937
2936 2937
2464 2938
2841 2939
2564 2940
2566 2940
2677 2941
2690 2941
2713 2941
2890 2941
2602 2942
2661 2943
2818 2943
2836 2943
2943 2944
2798 2945
2798 2946
2489 2947
2628 2947
489 2948
2948 2949
2541 2951
2727 2951
2819 2951
2824 2951
2864 2951
2603 2952
2604 2952
2952 2953
2603 2954
2443 2955
2603 2955
2954 2955
2710 2956
2954 2956
2484 2957
2547 2957
2606 2958
2661 2958
2818 2958
2865 2958
2605 2959
2607 2959
2959 2960
2608 2962
2961 2962
2574 2963
2600 2963
2639 2964
2914 2964
2470 2965
2618 2965
2639 2965
2446 2966
2780 2966
2813 2966
2780 2967
2966 2967
2661 2968
2836 2968
2613 2969
2552 2970
2714 2970
2810 2970
2844 2970
2573 2971
2691 2971
2935 2971
2616 2972
2721 2972
2616 2973
2617 2973
2973 2974
2618 2975
2812 2975
2866 2975
2902 2975
2786 2976
2813 2976
2619 2977
2714 2977
2970 2977
2622 2978
2694 2978
2623 2979
2942 2979
2773 2980
2841 2980
2627 2981
2802 2981
2813 2982
2976 2982
2679 2983
2983 2984
2628 2985
2809 2985
2877 2985
2882 2985
2628 2986
2487 2988
2575 2988
2627 2989
2983 2989
2987 2989
2438 2990
2462 2990
2621 2992
2937 2993
2552 2994
2800 2994
2892 2995
2541 2996
2797 2996
2799 2996
2950 2996
2879 2997
2552 2998
2892 2999
2670 3000
2780 3000
2772 3001
3000 3001
2685 3002
2773 3002
2980 3002
2456 3003
2670 3003
2779 3003
2519 3004
2532 3004
2594 3004
2669 3004
3005 3006
2669 3007
3004 3007
2726 3008
2780 3008
2735 3009
2805 3009
2456 3010
2779 3010
2966 3010
2702 3011
2744 3011
2792 3011
2813 3011
2492 3013
2576 3013
3012 3013
2492 3015
2501 3015
3014 3015
2489 3016
2493 3016
2495 3016
2512 3016
2533 3016
2763 3016
2825 3016
2845 3017
2653 3018
2931 3019
2693 3020
2693 3021
2896 3022
2659 3023
2839 3024
2670 3025
2795 3025
2863 3027
2693 3028
2935 3032
2935 3033
3032 3033
2951 3034
2514 3035
2809 3035
2850 3037
2913 3037
2652 3039
2739 3040
2759 3040
2882 3040
2931 3040
3036 3040
2739 3041
2931 3041
3040 3041
2449 3042
2575 3042
2521 3044
3043 3044
2521 3046
2930 3046
3045 3046
3026 3047
2504 3048
2600 3048
3026 3048
2686 3049
2921 3050
2972 3051
2978 3053
2536 3054
2547 3054
3004 3055
2714 3056
2883 3057
2488 3059
2607 3059
2724 3060
2725 3060
2727 3061
2958 3062
2732 3063
2963 3065
2701 3066
2541 3067
3068 3069
3023 3070
3045 3072
3069 3072
3071 3072
3043 3074
3073 3074
2782 3075
2656 3076
2692 3076
2498 3077
2812 3078
2856 3079
2745 3080
3071 3080
2746 3081
2747 3082
3073 3082
2748 3083
3068 3083
2749 3084
3073 3084
2750 3085
3070 3085
2751 3086
2752 3087
3074 3087
2753 3088
3069 3088
2483 3089
2687 3089
2483 3090
2688 3090
2696 3092
2443 3093
2955 3093
2584 3094
2879 3094
2552 3095
2842 3095
2907 3095
2573 3096
2686 3097
3049 3097
2686 3098
2757 3098
2765 3099
3030 3100
3081 3100
3089 3100
3031 3101
3086 3101
3090 3101
2703 3102
2661 3103
2836 3103
2968 3103
2454 3104
2723 3104
3038 3104
2814 3105
2985 3106
2793 3107
2958 3108
3062 3108
2795 3109
2878 3110
2880 3110
2532 3111
2541 3111
2764 3111
2499 3112
2529 3112
2578 3112
2650 3113
2488 3114
2602 3114
2812 3115
3078 3115
2878 3116
2880 3116
3110 3116
2992 3117
2992 3118
3117 3118
2863 3119
2958 3120
2863 3121
2986 3121
3027 3121
2537 3122
2537 3123
3003 3124
2850 3125
2851 3125
3091 3126
2552 3127
3029 3127
3058 3127
3091 3127
3122 3127
3123 3127
3126 3127
3029 3128
3058 3128
3126 3128
3127 3128
2850 3129
2851 3129
3125 3129
2818 3130
2836 3130
2943 3130
2969 3131
2696 3132
2696 3133
3132 3133
2867 3134
3045 3134
2868 3135
3043 3136
3070 3136
3135 3136
2914 3137
2937 3139
2552 3140
2814 3141
2670 3142
3000 3142
3116 3143
2691 3144
2562 3145
2883 3145
2562 3146
2883 3146
2958 3147
3062 3147
3108 3147
2552 3148
3127 3148
2797 3149
2799 3149
2799 3150
2795 3151
2838 3151
2877 3152
2882 3152
2985 3152
2544 3153
2574 3153
2655 3154
2850 3155
2851 3155
2913 3155
2936 3155
3138 3155
2594 3156
3004 3156
2584 3157
2716 3157
3064 3158
2958 3160
3120 3160
2926 3162
2927 3163
3008 3164
3071 3165
2918 3166
3068 3166
2806 3167
2938 3168
2940 3169
2692 3170
2496 3171
2845 3172
2935 3172
3017 3172
2541 3173
2931 3173
3019 3173
3159 3173
2796 3174
2654 3175
2824 3176
2654 3177
2824 3177
2532 3178
2594 3178
2691 3179
3144 3179
2529 3180
2917 3180
2528 3185
2873 3185
2916 3185
3064 3185
3158 3185
3184 3185
2553 3186
2632 3186
3183 3186
2606 3187
2652 3187
3182 3187
2448 3188
2885 3188
3181 3188
2696 3189
2880 3189
2977 3190
2977 3191
2736 3192
3173 3193
2841 3194
2990 3195
2879 3196
2991 3196
2997 3196
3052 3196
3161 3196
2814 3197
2877 3197
2584 3198
2709 3198
2661 3199
2818 3199
2943 3199
2659 3200
3070 3200
3064 3201
3158 3201
3185 3201
2976 3202
2631 3203
2575 3204
2445 3205
2541 3206
2727 3206
2640 3207
3007 3208
2710 3209
2797 3210
2799 3210
2996 3210
2642 3211
2845 3212
3017 3212
3172 3212
2487 3213
2584 3214
2673 3214
2709 3214
2471 3215
2475 3216
2476 3217
3216 3217
2482 3218
2710 3219
2669 3220
3004 3220
3007 3220
2797 3221
2799 3221
2938 3222
2492 3223
2492 3224
2501 3225
2501 3226
2454 3227
2837 3227
2511 3228
2879 3229
2997 3229
3196 3229
2514 3230
2982 3231
2520 3232
2525 3233
2982 3234
3231 3234
2643 3235
2643 3236
2805 3237
3009 3237
2644 3238
2644 3239
2935 3240
2558 3241
2558 3242
2464 3243
2715 3243
2892 3244
2995 3244
3116 3245
3143 3245
2576 3246
3006 3246
2576 3247
3121 3248
2838 3249
3151 3249
2588 3250
3233 3250
2487 3251
3213 3251
2797 3252
2799 3252
2645 3253
2646 3254
2646 3255
2646 3256
2646 3257
2646 3258
2646 3259
2647 3260
2691 3261
2710 3262
2956 3262
3008 3263
2727 3264
2951 3264
2615 3265
3228 3265
3233 3265
3250 3265
2786 3266
2976 3266
2699 3267
3007 3268
3208 3268
2696 3269
3132 3269
3133 3269
2499 3270
2629 3271
3218 3271
2648 3272
2648 3273
2851 3274
2850 3275
2851 3275
2913 3275
3037 3275
3274 3275
2575 3276
3204 3276
2851 3277
2464 3278
2715 3278
3243 3278
2913 3279
2573 3280
3096 3280
3280 3281
2630 3282
3187 3282
2552 3283
2800 3283
3029 3283
3127 3283
3128 3283
3140 3283
2692 3285
2791 3285
3170 3285
3284 3285
2726 3286
2610 3287
2649 3287
2610 3288
2649 3288
3287 3289
3288 3290
2551 3291
3293 3294
3295 3296
3297 3298
3296 3309
3308 3309
3310 3311
3294 3313
3298 3313
3312 3313
3315 3316
3311 3320
3321 3322
3295 3324
3296 3325
3320 3327
3326 3327
3298 3328
3322 3330
3329 3330
3296 3332
3309 3332
3311 3332
3331 3332
3293 3333
3311 3335
3316 3335
3334 3335
3323 3341
3339 3341
3340 3341
3306 3343
3322 3344
3346 3347
3336 3348
3346 3348
3311 3350
3335 3350
3316 3351
3314 3354
3353 3354
3309 3356
3355 3356
3311 3358
3357 3358
3319 3359
3345 3359
3351 3360
3359 3360
3351 3361
3328 3364
3351 3364
3315 3365
3366 3367
3367 3368
3367 3369
3377 3378
3377 3379
3293 3387
3316 3391
3316 3392
3357 3394
3399 3400
3346 3401
3400 3401
3344 3402
3405 3409
3406 3409
3292 3410
3407 3410
3408 3410
3409 3410
3341 3412
3415 3416
3318 3417
3306 3419
3316 3420
3352 3422
3422 3424
3422 3425
3423 3425
3336 3428
3427 3428
3415 3429
3372 3430
3373 3430
3374 3430
3415 3430
3416 3430
3354 3431
3375 3431
3295 3432
3313 3434
3330 3434
3354 3436
3298 3439
3298 3440
3441 3443
3385 3444
3299 3445
3300 3445
3444 3446
3444 3447
3301 3449
3321 3453
3452 3453
3310 3454
3403 3455
3455 3456
3455 3457
3309 3459
3460 3461
3461 3462
3308 3463
3462 3463
3308 3464
3458 3464
3461 3464
3328 3465
3358 3465
3305 3466
3302 3467
3303 3467
3304 3467
3411 3467
3414 3467
3466 3467
3306 3468
3467 3468
3306 3469
3467 3469
3320 3470
3328 3471
3343 3471
3317 3472
3307 3473
3362 3474
3309 3476
3309 3477
3467 3478
3376 3479
3479 3480
3315 3482
3309 3483
3311 3483
3435 3484
3483 3484
3352 3485
3484 3485
3485 3486
3292 3487
3489 3490
3492 3495
3318 3496
3451 3496
3328 3497
3487 3497
3492 3498
3493 3498
3496 3498
3492 3499
3494 3499
3496 3499
3493 3500
3494 3500
3496 3500
3413 3501
3466 3501
3466 3502
3295 3505
3504 3505
3506 3509
3508 3510
3509 3511
3510 3511
3507 3512
3510 3512
3497 3514
3370 3515
3410 3516
3410 3518
3516 3519
3369 3522
3496 3524
3523 3524
3467 3525
3437 3526
3466 3526
3421 3527
3340 3528
3433 3528
3529 3530
3419 3531
3399 3533
3315 3535
3481 3535
3297 3537
3536 3537
3306 3539
3319 3541
3472 3543
3448 3544
3488 3544
3319 3545
3319 3546
3502 3549
3513 3549
3413 3550
3513 3550
3293 3551
0 3552
3421 3552
3400 3553
3543 3555
3315 3556
3520 3556
3298 3557
3328 3557
3485 3559
3511 3559
3327 3560
3350 3560
3382 3561
3541 3561
3352 3562
3510 3562
3323 3563
3433 3563
3511 3563
3562 3563
3398 3564
3417 3564
3370 3566
3435 3566
3484 3566
3295 3567
3354 3568
3521 3570
3324 3571
3318 3572
3342 3572
3318 3573
3342 3573
3325 3575
3567 3576
3575 3576
3575 3577
3363 3578
3558 3578
3307 3579
3329 3579
3388 3579
3329 3580
3328 3581
1 3582
3342 3582
3516 3583
3583 3584
0 3585
3328 3585
0 3586
3328 3586
3437 3587
3568 3587
3571 3588
3574 3588
3355 3589
3438 3589
3383 3590
3467 3590
3467 3591
3292 3592
3311 3592
3307 3595
3595 3596
3350 3597
3470 3597
3425 3599
3354 3600
3569 3600
3570 3600
3540 3603
3554 3604
3602 3604
3604 3605
3319 3606
3370 3607
3426 3607
3399 3608
3554 3608
3314 3609
3430 3609
3603 3610
3351 3611
3547 3611
3581 3611
3467 3612
3441 3613
3467 3613
3450 3614
3590 3614
3331 3615
3505 3615
3544 3616
3544 3617
3428 3618
3315 3619
3466 3619
3370 3620
3454 3620
3300 3621
3344 3621
3426 3622
3522 3622
3589 3623
3314 3624
3397 3624
3582 3624
3411 3625
3496 3625
3306 3626
3418 3626
3497 3626
3336 3627
3598 3627
3333 3628
3301 3630
3629 3630
3311 3631
3320 3631
3337 3633
3633 3634
0 3636
3524 3636
3635 3636
3342 3637
3354 3637
3342 3638
3639 3640
3338 3642
3308 3644
3643 3644
3452 3645
3342 3646
3343 3646
3342 3647
3343 3647
3617 3648
3491 3649
3553 3650
3649 3650
3306 3651
3351 3651
3540 3652
3307 3653
3538 3653
3580 3653
3352 3654
3563 3654
3314 3655
3395 3655
3396 3655
3638 3655
3432 3656
3571 3656
3404 3657
3342 3658
3414 3658
3602 3659
3346 3660
3608 3660
3591 3661
3612 3661
3348 3662
3455 3662
3650 3662
3436 3664
3525 3664
3409 3665
3517 3665
3540 3666
3321 3667
3610 3668
3648 3668
3531 3669
3350 3670
3420 3670
3301 3671
3336 3671
3349 3672
3350 3672
3349 3673
3350 3673
3398 3674
3490 3674
3552 3674
3564 3674
3410 3675
3417 3675
3318 3676
3409 3676
3346 3677
3640 3677
3486 3678
3678 3679
3678 3680
3403 3681
3660 3681
3355 3682
3632 3682
3412 3683
3483 3683
3682 3684
3400 3685
3657 3685
3349 3687
3350 3688
3389 3689
3689 3690
3307 3691
3551 3691
3690 3691
3312 3692
3596 3692
3390 3693
3430 3694
3431 3694
3693 3694
3503 3695
3311 3696
3330 3696
3695 3696
3320 3697
3688 3697
3479 3698
3674 3698
3349 3699
3513 3699
3349 3700
3513 3700
3350 3701
3669 3701
3529 3702
3535 3702
3329 3704
3618 3704
3703 3704
3532 3705
3548 3705
3705 3706
3300 3707
3555 3707
3706 3707
3345 3708
3393 3708
3606 3708
3448 3709
3475 3709
3409 3711
3710 3711
3326 3712
3710 3712
3354 3713
3354 3714
3354 3715
3364 3715
3534 3716
3541 3716
3575 3717
3565 3718
3598 3718
3601 3718
3634 3720
3331 3721
3355 3721
3630 3721
3632 3721
3644 3721
3682 3721
3720 3721
3355 3722
3684 3722
3316 3723
3539 3723
3357 3724
3358 3724
3357 3725
3584 3725
3593 3725
3663 3725
3357 3726
3490 3726
3594 3726
3686 3727
3346 3728
3727 3728
3359 3729
3567 3730
3575 3730
3503 3731
3620 3731
3425 3732
3485 3732
3493 3733
3494 3734
3606 3735
3444 3736
3445 3736
3488 3736
3719 3736
3510 3737
3599 3737
3482 3738
3521 3738
3326 3739
3381 3739
3442 3739
3537 3740
3628 3740
3327 3741
3514 3741
3660 3742
3561 3743
3666 3744
3667 3744
3536 3745
3402 3746
3402 3747
3746 3747
3752 3753
3752 3754
3755 3756
3757 3758
3759 3760
3749 3761
3750 3761
3761 3763
3762 3764
3762 3765
3749 3766
482 3768
691 3768
112 3769
3768 3769
3770 3771
3751 3772
3752 3773
3774 3775
3774 3776
3748 3777
3754 3777
725 3780
3778 3780
3779 3780
3769 3781
3770 3782
3753 3783
3760 3783
3782 3783
3780 3784
3782 3784
3783 3784
3784 3786
3785 3786
3760 3787
3761 3787
3762 3788
3786 3788
3779 3789
3756 3791
3757 3791
3774 3791
3790 3791
3749 3792
3750 3792
3792 3793
3772 3794
3793 3794
3773 3796
3775 3796
3776 3796
3783 3796
3795 3796
3780 3797
3784 3797
3795 3798
3796 3799
3765 3800
3780 3800
3794 3801
3801 3802
3751 3803
3801 3803
3805 3806
3774 3808
3809 3810
3811 3812
3778 3815
3815 3816
3814 3818
3809 3820
3814 3820
3791 3821
3821 3822
3770 3824
3823 3824
3826 3827
3828 3829
3810 3830
3813 3830
3829 3831
3831 3832
3833 3834
3782 3835
3828 3836
3765 3837
3766 3837
3767 3837
3805 3837
3812 3837
3837 3838
3837 3839
3782 3840
3782 3841
3823 3841
3811 3842
3839 3842
3806 3843
3837 3843
3842 3843
3770 3846
3845 3846
3814 3848
3830 3848
3833 3849
3778 3850
3849 3850
3851 3852
3795 3853
3778 3854
3833 3854
3826 3855
3852 3855
3785 3856
3808 3856
3846 3858
3857 3858
3852 3860
3837 3861
3773 3862
3804 3862
3825 3862
3833 3862
3850 3862
3804 3863
3810 3863
3862 3863
3864 3865
3782 3867
3858 3867
3780 3869
3781 3869
3868 3869
3778 3870
3844 3871
3866 3871
3844 3872
3872 3873
3807 3874
3795 3875
3795 3876
3875 3876
3874 3877
3782 3878
3833 3878
3817 3879
3821 3880
3880 3881
3757 3882
3883 3884
3785 3885
3795 3886
3853 3887
3886 3887
3816 3888
3816 3889
3886 3889
3785 3890
3874 3891
3778 3892
3822 3892
3807 3893
3787 3894
3788 3894
3828 3894
3829 3894
3836 3894
3847 3894
3866 3894
3871 3894
3873 3894
3785 3895
3819 3895
3811 3897
3896 3897
3828 3899
3894 3899
3898 3899
3806 3900
3861 3900
3859 3901
3890 3901
3824 3902
3859 3902
3873 3902
3901 3902
3792 3903
3864 3903
3865 3903
3877 3903
3883 3903
3884 3903
3893 3903
3784 3904
3903 3904
3837 3905
3865 3905
3835 3906
3862 3906
3813 3907
3825 3907
3887 3908
3889 3908
3882 3909
3871 3910
3822 3911
3854 3911
3822 3912
3860 3913
3884 3913
3870 3914
3892 3914
3795 3915
3870 3915
3876 3915
3880 3915
3881 3916
3909 3916
3915 3916
3800 3917
3825 3917
3835 3917
3897 3917
3910 3917
3832 3918
3894 3918
3847 3919
3894 3919
3774 3920
3808 3920
3774 3921
3791 3921
3912 3921
3838 3922
3896 3922
3922 3923
3879 3924
3900 3924
3907 3924
3761 3925
3847 3926
3894 3926
3902 3926
3801 3927
3803 3927
3872 3928
3756 3929
3808 3929
3756 3930
3929 3930
3748 3931
3761 3931
3896 3932
3917 3932
3795 3933
3761 3934
3787 3934
3751 3935
3801 3935
3789 3936
3796 3936
3765 3937
3802 3937
3891 3937
3797 3938
3797 3939
3797 3940
3767 3942
3777 3942
3941 3942
3801 3943
3826 3943
3808 3944
3762 3945
3948 3949
3947 3955
3955 3956
3957 3958
3959 3961
3960 3961
3955 3962
3956 3964
3963 3964
3953 3965
3954 3968
3966 3968
3967 3968
3968 3970
3969 3970
3969 3971
3946 3972
3949 3974
3950 3974
3947 3977
3956 3978
3958 3978
3975 3978
3976 3978
3977 3978
3950 3979
3978 3979
517 3981
3952 3982
3980 3982
3972 3983
3965 3984
3983 3984
3984 3985
425 3986
3984 3986
3956 3988
3989 3990
3971 3991
3974 3993
3953 3994
3972 3994
3958 3996
3995 3996
3948 3997
3957 3998
3962 3998
3952 3999
3982 3999
3999 4000
3964 4001
3990 4002
3961 4003
3971 4004
3987 4005
4005 4006
3956 4007
3958 4007
3958 4010
3947 4011
3991 4011
3991 4012
3957 4015
3995 4015
4010 4016
4008 4017
3978 4019
3999 4019
4001 4019
4018 4019
3991 4020
2716 4021
2716 4022
3959 4022
2938 4023
3989 4024
4014 4024
4023 4025
3978 4026
4004 4027
4011 4027
3970 4028
3999 4028
4013 4028
4027 4028
4000 4029
3956 4030
4028 4030
4029 4030
4028 4031
3992 4032
4014 4032
4025 4032
3959 4033
4002 4033
4021 4033
4032 4033
2341 4034
3981 4034
4003 4035
4009 4035
4008 4036
4017 4036
3980 4037
4013 4037
4035 4037
4036 4037
4029 4038
4035 4038
3951 4039
3965 4040
4029 4040
4039 4040
4040 4041
4040 4042
3960 4044
4043 4044
4008 4045
4044 4045
3961 4046
4001 4046
4009 4046
3987 4047
4006 4048
4039 4048
4047 4048
3997 4049
4050 4051
4049 4052
4050 4052
3954 4054
4053 4054
3954 4055
4006 4055
4033 4056
4014 4057
4056 4057
4058 4059
4058 4060
3953 4061
4060 4061
3965 4062
4059 4062
3953 4063
3965 4063
3994 4064
4059 4064
4040 4065
4064 4065
3981 4066
3993 4067
4066 4067
4051 4068
4051 4069
4059 4070
3970 4071
4071 4072
4072 4073
4072 4074
4072 4075
3973 4077
3985 4077
4076 4077
4008 4078
4028 4079
4035 4079
4037 4079
4046 4079
4078 4079
4081 4083
4082 4083
4080 4085
4083 4085
4084 4085
4087 4088
4083 4089
4085 4089
4090 4091
2555 4098
4083 4098
4099 4100
4092 4101
4102 4103
4068 4104
4069 4104
4094 4104
4095 4105
4104 4105
4105 4106
4105 4108
4107 4108
4098 4109
480 4110
128 4111
4110 4111
474 4112
4112 4113
4091 4115
4116 4117
107 4119
521 4119
4118 4119
4089 4120
4109 4120
4117 4123
4121 4123
4122 4123
4124 4127
4125 4127
4126 4127
2439 4128
2561 4128
4129 4130
4131 4132
4133 4134
4096 4135
4109 4137
4133 4137
4136 4137
4120 4142
4139 4142
4140 4142
4141 4142
4105 4143
525 4144
4143 4145
4144 4145
4097 4146
4105 4146
2439 4147
4113 4147
4113 4148
4120 4149
4101 4150
4138 4150
4146 4150
4093 4151
4102 4151
4150 4151
4117 4153
4137 4153
4152 4153
4109 4155
4131 4155
4153 4155
4154 4155
4136 4156
4133 4157
4117 4158
4153 4158
4089 4159
4085 4161
4137 4161
4157 4161
4160 4161
4118 4162
4151 4162
569 4163
4119 4163
4162 4163
4151 4164
4086 4165
4166 4167
4166 4168
4146 4170
4169 4170
2620 4171
4086 4171
4098 4171
4114 4171
4161 4171
473 4172
4110 4172
4148 4172
4163 4173
4138 4174
4174 4175
841 4178
4119 4178
4163 4178
4176 4178
4177 4178
4165 4180
4179 4181
4181 4182
4106 4183
4183 4184
4127 4185
4088 4186
4114 4186
4179 4186
4088 4187
4165 4187
4186 4187
4091 4188
4153 4192
4161 4192
4171 4192
4189 4192
4190 4192
4191 4192
4155 4193
4171 4193
4130 4195
4166 4195
4179 4195
4186 4195
4194 4195
3762 4198
3784 4198
3802 4198
3904 4198
4196 4198
4197 4198
4096 4199
4110 4200
4127 4200
4120 4201
4149 4201
4198 4201
4186 4202
4146 4203
4170 4203
4100 4205
4159 4205
4198 4205
4163 4206
4173 4206
4205 4206
4091 4207
4165 4207
4150 4208
4180 4209
563 4210
4114 4210
4132 4210
4186 4210
4150 4211
4111 4212
4206 4212
4165 4213
4188 4213
4150 4214
4162 4215
4214 4215
4089 4216
4159 4216
4205 4216
4086 4217
4171 4217
4186 4217
4193 4217
4204 4217
2542 4218
4163 4218
4217 4218
4110 4220
4127 4220
4200 4220
4219 4220
4096 4221
4135 4221
4220 4221
4156 4222
4137 4223
4102 4224
4181 4225
4100 4226
4198 4226
4156 4227
4156 4228
4157 4229
4157 4230
4157 4231
4156 4232
4192 4233
4202 4234
4202 4235
4136 4237
4116 4238
4116 4239
4099 4240
4154 4241
4109 4242
4236 4242
4099 4243
4096 4244
4096 4245
4245 4246
4245 4247
4154 4248
4160 4250
4126 4251
4152 4252
4194 4253
4202 4255
4194 4256
4154 4257
4136 4258
4099 4259
4202 4260
4202 4261
4213 4263
4254 4263
4262 4263
2620 4264
4249 4264
4194 4265
4086 4266
4110 4267
4159 4268
4223 4269
4223 4270
4223 4271
4223 4272
4223 4273
4223 4274
4093 4278
4275 4278
4276 4278
4277 4278
4174 4279
4097 4280
4097 4281
4097 4282
4187 4283
4092 4284
4118 4284
4203 4285
4203 4286
4164 4287
4164 4288
4179 4289
4278 4290
4290 4291
4290 4292
4290 4293
4180 4294
4180 4295
4180 4296
4180 4297
4087 4298
4185 4299
4217 4300
4300 4301
4300 4302
4201 4303
4101 4304
4211 4304
4101 4305
4304 4306
4208 4307
4208 4308
4208 4309
4208 4310
4208 4311
4209 4312
4209 4313
4209 4314
4209 4315
2555 4316
2620 4316
4100 4316
4127 4316
4173 4316
4185 4316
4220 4316
4298 4317
4298 4318
4113 4319
4283 4320
4283 4321
4128 4322
4128 4323
4147 4324
4148 4325
4327 4330
4328 4330
4331 4334
4333 4334
4331 4335
4331 4339
4332 4339
4338 4339
320 4340
4326 4341
4335 4341
4337 4341
4335 4344
4341 4344
4342 4344
4327 4345
4335 4345
4344 4345
4331 4346
4334 4346
4335 4346
4344 4346
4349 4350
4343 4351
4332 4354
4332 4356
4339 4356
4345 4356
4355 4356
4332 4358
4350 4358
4357 4358
4345 4359
4335 4360
4342 4360
4344 4360
252 4361
4351 4362
4361 4362
4357 4363
4358 4363
4341 4364
4344 4364
4365 4366
4341 4367
4344 4367
4364 4367
4366 4367
4362 4368
4362 4369
4358 4370
4363 4370
4358 4371
4360 4371
4363 4371
4364 4371
4370 4371
4335 4372
4342 4372
4344 4372
4360 4372
4363 4372
4364 4372
4371 4372
4340 4373
4351 4373
4366 4373
4368 4373
4369 4373
4326 4374
4341 4374
4367 4374
4340 4375
4351 4375
4366 4375
4373 4375
4328 4376
4345 4376
4352 4376
4356 4376
4358 4379
4370 4379
4378 4379
4331 4380
4334 4380
4335 4380
4344 4380
4345 4380
4346 4380
4351 4380
4374 4380
4332 4382
4358 4382
4363 4382
4343 4383
4351 4383
4373 4383
4375 4383
4331 4384
4343 4384
4383 4384
4336 4385
4383 4385
4326 4386
4358 4387
4331 4390
4332 4390
4354 4390
4371 4390
4382 4390
4388 4390
4389 4390
4326 4391
4351 4391
4366 4391
4368 4391
4369 4391
4373 4391
4375 4391
4383 4391
4332 4394
4335 4394
4339 4394
4344 4394
4360 4394
4371 4394
4372 4394
4382 4394
4390 4394
4392 4394
4352 4395
4372 4395
4390 4395
4393 4395
4394 4395
4370 4396
4381 4396
4331 4397
4334 4397
4346 4397
4351 4397
4380 4397
4342 4398
4364 4398
4381 4398
4331 4399
4339 4399
4329 4400
4343 4400
4351 4400
4383 4400
4391 4400
4331 4401
4334 4401
4336 4401
4346 4401
4348 4401
4380 4401
4383 4401
4385 4401
4397 4401
4400 4401
4354 4402
4382 4402
4341 4403
4353 4403
4366 4403
4367 4403
4360 4404
4372 4404
4344 4405
4360 4405
4330 4406
4345 4406
4356 4406
4343 4407
4351 4407
4380 4407
4383 4407
4400 4407
4344 4408
4359 4408
4326 4409
4353 4409
4391 4409
4403 4409
4341 4410
4367 4410
4352 4411
4372 4411
4331 4412
4343 4412
4351 4412
4383 4412
4384 4412
4400 4412
4407 4412
4403 4413
262 4414
4377 4414
4385 4414
4350 4415
4357 4415
4358 4415
4370 4415
4379 4415
4345 4416
4347 4416
4356 4416
4345 4417
4360 4417
4344 4418
4360 4418
4419 4420
237 4422
4421 4423
352 4424
353 4425
325 4427
4426 4428
4425 4429
308 4430
4421 4431
4430 4432
289 4434
4420 4434
4431 4434
4433 4434
4420 4435
4434 4435
1118 4436
4435 4438
4436 4438
4437 4438
4436 4440
4438 4440
4439 4440
4420 4441
4435 4441
4440 4441
4426 4442
4441 4442
829 4443
21 4444
2561 4444
22 4445
83 4445
90 4445
474 4445
492 4445
48 4447
84 4447
520 4447
2561 4447
4444 4447
4446 4447
4450 4453
4451 4453
4452 4454
4454 4455
842 4456
513 4457
520 4457
568 4457
828 4457
836 4457
855 4457
2439 4457
4118 4457
4443 4457
4447 4457
4453 4457
4454 4457
4456 4457
98 4458
4457 4458
23 4460
83 4460
131 4460
2561 4460
4445 4460
4459 4460
825 4461
4443 4461
4448 4461
4449 4461
4457 4462
4457 4463
4457 4464
4457 4465
4472 4473
4470 4474
3361 4475
4473 4475
4475 4476
3377 4477
4477 4478
4479 4480
4481 4482
4466 4484
4467 4484
4477 4484
4479 4484
4485 4486
2422 4490
4490 4491
4484 4495
4497 4498
4489 4499
4497 4499
4482 4500
4499 4500
4501 4502
4504 4505
2240 4506
4468 4506
4472 4507
3362 4508
4488 4508
4492 4509
4512 4513
4515 4516
4511 4517
4518 4519
4519 4520
4503 4521
4468 4525
4526 4527
4487 4528
4484 4529
4485 4532
2247 4534
4506 4534
4533 4534
2247 4535
4483 4539
4533 4540
4507 4541
4530 4541
4491 4542
4522 4544
4527 4544
4505 4545
4496 4546
4532 4546
4547 4548
4485 4549
2408 4551
4466 4552
4494 4552
4515 4553
4521 4553
4474 4558
4502 4560
4556 4560
4487 4561
2422 4562
4563 4564
4536 4566
4565 4566
4552 4567
3363 4569
4569 4570
2248 4572
4571 4572
4476 4573
4572 4573
4507 4574
4548 4575
4523 4578
4543 4578
4554 4578
4490 4579
4512 4580
3351 4581
4491 4581
4580 4581
4490 4583
4550 4583
4514 4584
4550 4585
4584 4586
4486 4587
4539 4587
4503 4588
4584 4588
4585 4588
4470 4589
4481 4589
4519 4591
4554 4591
4573 4593
4573 4594
4493 4595
4531 4595
4518 4596
4537 4596
4512 4597
4578 4597
4504 4599
4484 4600
4468 4601
4563 4601
4564 4601
3330 4602
4472 4604
4603 4604
4496 4605
4546 4605
4511 4606
4606 4607
4488 4609
4530 4610
4592 4610
4601 4610
4561 4611
4467 4612
4511 4612
4515 4613
4569 4613
4492 4615
4472 4616
4502 4616
4533 4617
4604 4618
4519 4619
4521 4619
4569 4620
4576 4620
4559 4621
4561 4621
4582 4621
4582 4622
4549 4623
4599 4623
4618 4624
4468 4625
4509 4625
4551 4626
3642 4627
4475 4627
4570 4627
4606 4629
2240 4630
4535 4630
2408 4631
4620 4632
2354 4633
4591 4634
4507 4635
4609 4635
4568 4636
4618 4636
4547 4637
4469 4638
4564 4639
4601 4640
4639 4640
4636 4641
4510 4642
4556 4642
4614 4642
4607 4643
4642 4643
4640 4644
4472 4645
4489 4647
4548 4647
4555 4647
2408 4648
4626 4648
4530 4649
4531 4650
4540 4650
4568 4650
2248 4651
4473 4651
4551 4651
4572 4651
4643 4651
4650 4651
4628 4652
4522 4653
4600 4653
4614 4653
4652 4653
3335 4654
4478 4654
4480 4654
4607 4654
4573 4655
4654 4655
4589 4656
4494 4658
4523 4658
4580 4658
2386 4659
4492 4659
4505 4659
4657 4659
4516 4660
4576 4660
4475 4661
4542 4661
4627 4661
4660 4661
4508 4663
4632 4663
4662 4663
4590 4664
4553 4665
4566 4666
4644 4667
4490 4668
4514 4668
4555 4669
4471 4670
4629 4671
4533 4672
4498 4673
4646 4673
4670 4673
4541 4674
4645 4674
4469 4675
4527 4675
4671 4675
3359 4676
4559 4676
3360 4677
4475 4677
4676 4677
4561 4678
4567 4678
4615 4682
4633 4682
4681 4682
4562 4683
4676 4683
4524 4685
4536 4685
4608 4685
4666 4685
4684 4685
4529 4686
4656 4686
4483 4687
4659 4687
4638 4688
4669 4688
4607 4689
4688 4689
4517 4690
4688 4690
4587 4693
4691 4693
2413 4694
4692 4694
4693 4694
4511 4695
4519 4698
4696 4698
4697 4698
4545 4699
4557 4699
4657 4699
4553 4700
4493 4701
4510 4701
4486 4702
4605 4702
4703 4710
4706 4712
4704 4713
4709 4713
4705 4715
4706 4715
4551 4718
4705 4718
4716 4719
4533 4721
4577 4721
4590 4722
4650 4722
4721 4722
4709 4723
4711 4726
4714 4726
4724 4726
4707 4727
4708 4727
4711 4727
4716 4727
4707 4728
4708 4728
4717 4730
4712 4731
4718 4731
4626 4732
4707 4732
4710 4734
4723 4734
4719 4735
4726 4735
4717 4736
4730 4737
4733 4737
4648 4738
4720 4738
4736 4738
4732 4739
4738 4741
4740 4741
2208 4742
4631 4742
4733 4743
4704 4744
4732 4744
4703 4745
4707 4745
4739 4746
4740 4746
4727 4747
4729 4747
2408 4748
4725 4748
4648 4749
4714 4750
4720 4750
4729 4750
4743 4750
4749 4750
4707 4751
2408 4752
4648 4752
4724 4753
4748 4753
4752 4753
4720 4754
4725 4755
4732 4756
4754 4757
3333 4758
4524 4758
4569 4760
4759 4760
4538 4762
4565 4762
4499 4763
4499 4764
4469 4765
4495 4766
4528 4766
4521 4767
4761 4767
4766 4768
4768 4769
4537 4770
4680 4770
4684 4770
4481 4771
4608 4772
4726 4773
4726 4774
4619 4775
4760 4776
4517 4777
4666 4778
4778 4779
4690 4780
4517 4781
4725 4783
4748 4783
4782 4783
4625 4785
4784 4785
4587 4787
4539 4788
4615 4790
4789 4790
4787 4791
4702 4792
4791 4792
4786 4793
4792 4793
4791 4794
4468 4795
4492 4796
4496 4797
4541 4798
4674 4798
4519 4799
4519 4800
4519 4801
4525 4802
4525 4803
4537 4804
4537 4805
4537 4806
4538 4807
4538 4808
4560 4810
4754 4811
4563 4812
4563 4813
4563 4814
4540 4815
4815 4816
4696 4817
4574 4819
4598 4819
4601 4819
4818 4819
4639 4820
4797 4821
4672 4822
4809 4822
4779 4823
4680 4824
4531 4825
4650 4825
4679 4825
4669 4826
4781 4826
3321 4829
3330 4830
4829 4830
4476 4831
4834 4835
2311 4836
4831 4836
4835 4836
4831 4840
4839 4840
4839 4841
4839 4842
4840 4843
3453 4844
4829 4844
4833 4846
4845 4847
4846 4847
2395 4848
4835 4848
3380 4849
3384 4849
2264 4853
4852 4853
979 4854
4850 4854
2364 4858
4855 4858
4856 4858
4851 4859
4857 4859
4858 4859
3294 4860
4536 4860
3542 4861
4861 4862
3317 4863
3336 4864
4536 4865
4827 4865
4828 4865
4473 4866
4839 4866
4860 4866
4865 4866
4866 4867
4866 4868
4855 4870
4847 4872
4871 4872
4828 4873
3340 4874
3368 4874
3332 4875
3341 4875
4482 4875
4874 4875
4862 4876
3371 4877
3386 4877
4846 4877
4861 4877
4863 4878
4877 4878
4869 4879
4837 4880
4877 4880
137 4881
4851 4881
3347 4882
4847 4882
4875 4882
4827 4883
4835 4883
4873 4883
3641 4884
3648 4884
4873 4884
4876 4884
4884 4885
4840 4886
4863 4886
4885 4886
3344 4887
4885 4887
4831 4888
4886 4888
4887 4888
4837 4889
4871 4889
4872 4890
4850 4891
67 4892
4870 4892
4890 4892
4891 4892
1029 4893
4892 4893
4832 4895
2213 4896
4827 4896
4835 4896
4853 4896
4832 4897
4830 4898
4897 4898
4847 4899
4879 4899
4887 4899
1032 4901
4878 4901
4900 4901
4838 4902
4837 4903
4838 4903
4871 4904
4902 4904
4900 4906
4905 4906
4849 4907
4905 4907
4849 4908
4900 4908
4869 4912
4877 4913
4909 4913
4879 4914
4833 4915
4871 4916
4912 4917
4907 4918
4877 4919
4900 4920
4910 4920
4849 4921
4916 4921
4833 4922
4864 4922
4911 4922
4877 4923
4909 4923
4917 4923
4866 4924
4894 4924
4898 4924
4895 4925
4897 4925
4694 4926
775 4927
4926 4927
4927 4928
2 4929
4929 4930
781 4933
4931 4933
4932 4933
4931 4934
4929 4936
4934 4936
4928 4937
4935 4937
4932 4938
818 4939
4938 4939
385 4940
394 4940
450 4940
