0 0
0 1
0 2
3 3
3 4
3 5
5 5
3 6
7 7
8 8
9 9
9 10
10 10
11 11
11 12
12 12
11 13
13 13
14 14
15 15
16 16
5 17
17 17
18 18
19 19
19 20
19 21
21 21
19 22
23 23
23 24
23 25
23 26
23 27
28 28
29 30
29 31
32 32
32 33
32 34
32 35
32 36
32 37
34 37
32 38
39 39
39 40
39 41
39 42
43 43
43 44
44 44
43 45
43 46
43 47
44 47
47 47
47 48
49 49
50 50
51 51
51 52
52 52
51 53
52 53
53 53
51 54
52 54
53 54
10 55
51 55
52 55
53 55
54 55
55 55
5 56
6 56
51 56
52 56
53 56
54 56
55 56
56 56
55 57
51 58
52 58
53 58
54 58
55 58
56 58
58 58
36 59
45 60
59 60
60 60
59 61
61 61
59 62
62 62
10 63
59 63
60 63
61 63
59 64
64 64
65 65
66 66
57 67
67 67
67 68
67 69
56 70
67 70
67 71
67 72
67 73
67 74
56 75
67 75
76 76
52 77
78 78
78 79
78 80
5 81
78 81
60 82
78 82
78 83
84 84
85 85
85 86
87 88
89 89
89 90
89 91
90 91
91 91
92 92
92 93
92 94
92 95
92 96
92 97
92 98
92 99
92 100
68 101
92 101
93 101
94 101
95 101
96 101
97 101
98 101
99 101
100 101
101 101
92 102
101 102
103 103
103 104
105 105
106 106
106 107
106 108
106 109
90 110
106 110
109 110
106 111
111 111
106 112
113 113
63 114
114 114
36 115
63 115
114 115
115 115
58 116
114 116
115 116
5 117
114 117
118 118
77 119
79 119
119 119
119 120
34 121
119 121
119 122
119 123
119 124
122 124
10 125
34 125
38 125
77 125
119 125
120 125
121 125
122 125
124 125
125 125
119 126
125 126
119 127
127 127
119 128
122 128
124 128
127 128
128 128
119 129
119 130
120 130
121 130
122 130
124 130
125 130
127 130
129 130
130 130
77 131
119 131
120 131
121 131
122 131
125 131
126 131
128 131
129 131
130 131
131 131
34 132
119 132
130 132
77 133
119 133
120 133
121 133
122 133
124 133
125 133
127 133
128 133
129 133
130 133
131 133
133 133
77 134
119 134
120 134
121 134
122 134
125 134
129 134
130 134
131 134
132 134
133 134
119 135
130 135
131 135
133 135
134 135
119 136
125 136
79 137
119 137
125 137
130 137
133 137
134 137
135 137
138 138
138 139
119 140
138 140
138 141
141 141
12 142
70 142
142 142
142 143
144 144
145 145
82 146
137 146
145 146
145 147
4 148
5 148
79 148
145 148
146 148
148 148
145 149
148 149
149 149
145 150
145 151
149 151
145 152
146 152
148 152
149 152
151 152
152 152
145 153
146 153
148 153
149 153
20 154
145 154
146 154
147 154
148 154
149 154
151 154
152 154
153 154
154 154
82 155
145 155
146 155
152 155
145 156
152 156
145 157
149 157
152 157
157 157
145 158
152 158
145 159
148 159
149 159
152 159
154 159
145 160
152 160
154 160
146 161
160 161
161 161
34 162
63 162
161 162
162 162
63 163
161 163
162 163
34 164
58 164
120 164
121 164
127 164
130 164
132 164
135 164
137 164
161 164
163 164
164 164
60 165
125 165
137 165
161 165
162 165
125 166
130 166
131 166
134 166
137 166
146 166
148 166
161 166
164 166
10 167
58 167
125 167
161 167
119 168
125 168
134 168
161 168
164 168
63 169
115 169
136 169
148 169
149 169
152 169
161 169
169 169
130 170
161 170
164 170
10 171
36 171
161 171
165 171
167 171
168 171
171 171
48 172
172 172
125 173
173 173
173 174
173 175
175 175
173 176
173 177
178 178
178 179
68 180
178 180
179 180
180 180
178 181
180 181
30 182
178 182
179 182
180 182
181 182
182 182
5 183
178 183
178 184
16 185
116 185
185 185
185 186
91 187
188 188
188 189
189 189
188 190
189 190
188 191
189 191
188 192
193 193
3 194
53 194
56 194
68 194
193 194
193 195
160 196
169 196
193 196
195 196
193 197
194 197
195 197
196 197
136 198
149 198
152 198
160 198
169 198
198 198
169 199
198 199
198 200
169 201
198 201
60 202
119 202
130 202
162 202
164 202
198 202
178 203
203 203
203 204
203 205
206 206
180 207
81 208
180 208
183 208
208 208
180 209
208 209
210 210
45 211
146 211
210 211
211 211
210 212
152 213
156 213
210 213
211 213
213 213
56 214
214 214
214 215
216 216
216 217
217 217
216 218
216 219
219 219
110 220
216 220
56 221
216 221
216 222
5 223
216 223
223 223
216 224
217 224
224 224
146 225
155 225
225 225
6 226
20 226
57 226
183 226
226 226
34 227
226 227
226 228
226 229
38 230
226 230
230 230
226 231
230 231
226 232
230 232
232 232
146 233
155 233
226 233
230 233
233 233
226 234
226 235
230 235
231 235
232 235
233 235
235 235
169 236
171 236
226 236
70 237
119 237
208 237
226 237
237 237
226 238
239 239
125 240
130 240
166 240
240 240
125 241
125 242
130 242
132 242
134 242
137 242
164 242
240 242
125 243
125 244
125 245
130 245
134 245
137 245
125 246
246 246
125 247
130 247
134 247
164 247
36 248
125 248
129 248
133 248
248 248
125 249
134 249
125 250
10 251
120 251
121 251
125 251
126 251
130 251
131 251
132 251
134 251
135 251
137 251
164 251
166 251
183 251
185 251
241 251
242 251
249 251
251 251
10 252
125 252
167 252
252 252
151 253
157 253
253 253
149 254
157 254
253 254
254 254
253 255
253 256
253 257
253 258
258 258
253 259
157 260
253 260
256 260
259 260
260 260
253 261
149 262
154 262
253 262
260 262
253 263
256 263
260 263
6 264
57 264
183 264
253 264
256 264
263 264
264 264
157 265
253 265
254 265
255 265
257 265
259 265
260 265
262 265
263 265
264 265
253 266
260 266
263 266
63 267
119 267
165 267
251 267
253 267
257 267
260 267
262 267
264 267
265 267
267 267
253 268
265 268
253 269
265 269
253 270
117 271
165 271
167 271
171 271
236 271
252 271
267 271
271 271
271 272
271 273
45 274
271 274
274 274
213 275
271 275
34 276
264 276
271 276
276 276
45 277
163 277
196 277
238 277
271 277
277 277
271 278
45 279
212 279
228 279
271 279
274 279
279 279
271 280
271 281
188 282
196 282
271 282
282 282
57 283
283 283
6 284
183 284
283 284
284 284
283 285
284 285
285 285
283 286
284 286
285 286
286 286
283 287
284 287
286 287
283 288
284 288
285 288
286 288
287 288
288 288
132 289
137 289
185 289
220 289
242 289
251 289
282 289
283 289
285 289
286 289
288 289
160 290
283 290
284 290
285 290
286 290
287 290
288 290
289 290
290 290
146 291
283 291
284 291
285 291
286 291
287 291
288 291
289 291
290 291
291 291
283 292
284 292
285 292
286 292
287 292
288 292
289 292
290 292
291 292
292 292
236 293
283 293
284 293
285 293
286 293
288 293
290 293
291 293
292 293
293 293
286 294
212 295
295 295
295 296
45 297
236 297
275 297
297 297
10 298
45 298
60 298
68 298
137 298
167 298
213 298
252 298
272 298
274 298
279 298
297 298
298 298
297 299
60 300
137 300
211 300
274 300
277 300
279 300
297 300
298 300
45 301
60 301
121 301
125 301
132 301
135 301
137 301
163 301
164 301
166 301
168 301
169 301
201 301
211 301
213 301
238 301
245 301
249 301
251 301
274 301
279 301
294 301
297 301
298 301
300 301
22 302
155 302
297 302
302 302
187 303
211 303
275 303
297 303
302 303
303 303
298 304
82 305
298 305
208 306
298 306
298 307
301 307
189 308
189 309
189 310
189 311
189 312
260 313
273 314
293 314
314 314
285 315
286 315
290 315
291 315
293 315
301 315
314 315
315 315
48 316
293 316
314 316
315 316
45 317
218 317
300 317
301 317
314 317
317 317
73 318
318 318
284 319
318 319
208 320
209 320
208 321
209 321
208 322
209 322
208 323
209 323
208 324
209 324
320 324
321 324
322 324
323 324
324 324
325 325
326 326
148 327
208 327
327 327
148 328
327 328
329 330
329 331
329 332
68 333
119 333
236 333
333 333
233 334
333 334
333 335
233 336
333 336
30 337
146 337
155 337
232 337
233 337
333 337
334 337
336 337
337 337
146 338
338 338
338 339
60 340
146 340
338 340
340 340
338 341
340 341
146 342
338 342
340 342
338 343
340 343
338 344
146 345
338 345
340 345
341 345
342 345
343 345
344 345
345 345
146 346
338 346
340 346
345 346
146 347
338 347
340 347
345 347
115 348
116 348
348 348
201 349
349 349
277 350
349 350
350 350
14 351
349 351
350 351
349 352
350 352
351 352
349 353
349 354
201 355
349 355
355 355
5 356
147 356
206 356
356 356
356 357
295 358
356 358
358 358
356 359
175 360
279 360
301 360
360 360
274 361
279 361
360 361
274 362
279 362
360 362
279 363
360 363
152 364
157 364
254 364
260 364
264 364
364 364
265 365
364 365
149 366
152 366
154 366
364 366
265 367
364 367
16 368
30 368
154 368
169 368
208 368
209 368
282 368
364 368
364 369
149 370
154 370
364 370
81 371
198 371
371 371
371 372
372 372
371 373
62 374
293 374
371 374
372 374
178 375
375 375
64 376
375 376
377 377
377 378
377 379
377 380
60 381
146 381
338 381
340 381
341 381
342 381
343 381
344 381
345 381
346 381
347 381
381 381
340 382
345 382
381 382
340 383
381 383
384 384
384 385
384 386
56 387
63 387
155 387
384 387
387 387
38 388
216 388
219 388
388 388
63 389
299 389
388 389
389 389
38 390
388 390
390 390
23 391
26 391
27 391
374 391
355 392
201 393
355 393
392 393
394 394
22 395
71 395
184 395
395 395
395 396
396 396
237 397
395 397
70 398
146 398
155 398
170 398
212 398
238 398
276 398
395 398
398 398
136 399
395 399
60 400
162 400
345 400
400 400
146 401
211 401
213 401
400 401
211 402
213 402
400 402
211 403
213 403
400 403
404 404
82 405
405 405
405 406
405 407
405 408
409 409
410 410
410 411
410 412
410 413
410 414
60 415
148 415
161 415
162 415
165 415
170 415
202 415
400 415
415 415
22 416
63 416
415 416
416 416
60 417
162 417
415 417
415 418
60 419
162 419
415 419
60 420
162 420
415 420
135 421
170 421
415 421
416 421
421 421
60 422
162 422
415 422
398 423
415 423
421 423
34 424
60 424
112 424
132 424
162 424
164 424
184 424
301 424
322 424
356 424
415 424
424 424
6 425
162 425
183 425
415 425
424 425
132 426
162 426
251 426
415 426
60 427
162 427
163 427
165 427
169 427
170 427
183 427
202 427
282 427
415 427
420 427
424 427
426 427
427 427
324 428
415 428
60 429
144 429
162 429
373 429
415 429
415 430
421 430
34 431
415 431
60 432
162 432
415 432
427 432
433 433
236 434
374 434
434 435
146 436
211 436
213 436
434 436
434 437
22 438
374 438
434 438
435 438
436 438
438 438
434 439
438 439
146 440
434 440
438 440
45 441
60 441
117 441
121 441
125 441
126 441
131 441
132 441
134 441
135 441
137 441
163 441
164 441
165 441
166 441
168 441
240 441
242 441
244 441
245 441
247 441
251 441
301 441
331 441
441 441
60 442
131 442
132 442
134 442
164 442
251 442
441 442
130 443
134 443
240 443
251 443
289 443
441 443
34 444
60 444
130 444
134 444
164 444
251 444
427 444
441 444
445 445
212 446
230 446
374 446
428 446
446 446
446 447
446 448
93 449
449 449
449 450
449 451
317 452
449 452
452 452
236 453
453 453
453 454
67 455
93 455
129 455
166 455
397 455
453 455
455 455
453 456
455 456
453 457
455 457
134 458
441 458
455 458
134 459
137 459
441 459
455 459
175 460
438 460
438 461
2 462
60 462
127 462
144 462
462 462
463 463
464 464
464 465
465 465
464 466
464 467
464 468
464 469
464 470
221 471
471 471
472 472
146 473
283 473
284 473
285 473
286 473
287 473
288 473
289 473
290 473
291 473
293 473
473 474
473 475
473 476
116 477
477 477
237 478
477 478
218 479
477 479
479 479
155 480
477 480
479 480
480 480
481 481
482 482
482 483
22 484
93 484
397 484
484 484
484 485
484 486
484 487
488 488
36 489
136 489
160 489
161 489
164 489
168 489
170 489
201 489
202 489
441 489
164 490
441 490
489 490
125 491
132 491
134 491
135 491
137 491
146 491
147 491
155 491
161 491
162 491
166 491
168 491
169 491
170 491
198 491
202 491
238 491
242 491
247 491
251 491
267 491
421 491
424 491
440 491
441 491
442 491
489 491
490 491
169 492
489 492
493 493
217 494
493 494
493 495
252 496
289 496
493 496
160 497
169 497
198 497
252 497
289 497
471 497
493 497
495 497
496 497
295 498
483 498
493 498
495 498
496 498
497 498
498 498
493 499
495 499
496 499
498 499
493 500
495 500
496 500
497 500
498 500
499 500
500 500
493 501
497 501
498 501
499 501
500 501
262 502
502 502
502 503
151 504
262 504
370 504
492 504
502 504
503 504
504 504
502 505
60 506
162 506
337 506
427 506
502 506
13 507
15 507
17 507
50 507
86 507
116 507
197 507
282 507
394 507
445 507
502 507
504 507
56 508
262 508
502 508
503 508
504 508
507 508
508 508
184 509
509 509
498 510
498 511
512 512
513 513
514 514
477 515
515 515
515 516
516 516
515 517
515 518
184 519
212 519
295 519
519 519
520 520
521 521
208 522
209 522
321 522
322 522
522 522
523 523
524 524
457 525
525 525
526 526
527 527
528 528
68 529
274 529
348 529
529 529
529 530
529 531
529 532
533 533
534 534
535 535
79 536
125 536
131 536
132 536
198 536
238 536
241 536
242 536
244 536
375 536
398 536
461 536
536 537
30 538
536 538
10 539
167 539
252 539
539 539
236 540
539 540
540 540
539 541
540 541
161 542
163 542
165 542
166 542
284 542
285 542
286 542
287 542
288 542
289 542
291 542
292 542
293 542
473 542
542 542
119 543
164 543
301 543
421 543
491 543
542 543
152 544
169 544
267 544
542 544
132 545
491 545
542 545
246 546
246 547
36 548
38 548
45 548
57 548
87 548
119 548
124 548
127 548
202 548
226 548
228 548
301 548
356 548
385 548
397 548
398 548
424 548
428 548
539 548
499 549
536 549
548 549
548 550
548 551
548 552
79 553
274 553
405 553
406 553
416 553
548 553
548 554
554 554
548 555
548 556
548 557
548 558
548 559
548 560
548 561
548 562
548 563
548 564
564 564
3 565
30 565
38 565
65 565
69 565
70 565
76 565
143 565
208 565
231 565
299 565
303 565
389 565
390 565
485 565
495 565
548 565
565 565
548 566
548 567
428 568
494 568
568 568
208 569
565 569
568 569
568 570
571 571
572 572
439 573
573 573
421 574
574 574
574 575
574 576
574 577
574 578
579 579
157 580
297 580
333 580
477 580
579 580
507 581
581 581
72 582
74 582
236 582
485 582
539 582
540 582
541 582
553 582
582 582
72 583
74 583
485 583
582 583
583 583
56 584
72 584
582 584
583 584
584 584
72 585
74 585
485 585
582 585
583 585
584 585
585 585
398 586
582 586
583 586
585 586
56 587
69 587
72 587
127 587
208 587
351 587
352 587
398 587
485 587
582 587
583 587
584 587
585 587
586 587
387 588
582 588
583 588
585 588
587 588
337 589
38 590
119 590
122 590
168 590
201 590
275 590
299 590
301 590
302 590
303 590
355 590
389 590
392 590
491 590
553 590
303 591
590 591
20 592
22 592
184 592
275 592
303 592
494 592
590 592
592 592
590 593
133 594
212 594
238 594
376 594
536 594
590 594
594 594
213 595
274 595
282 595
590 595
389 596
565 596
590 596
595 596
590 597
594 597
598 598
599 599
507 600
565 600
600 600
601 601
602 602
602 603
602 604
602 605
602 606
602 607
602 608
602 609
82 610
142 610
200 610
267 610
536 610
610 610
610 611
610 612
610 613
610 614
225 615
397 615
615 615
381 616
382 616
493 616
496 616
498 616
499 616
500 616
501 616
554 616
616 616
616 617
616 618
211 619
303 619
303 620
211 621
303 621
389 621
303 622
303 623
302 624
303 624
303 625
126 626
184 626
282 626
394 626
397 626
415 626
489 626
574 626
626 626
424 627
565 627
583 627
584 627
585 627
626 627
626 628
110 629
629 629
12 630
365 630
630 630
194 631
282 631
397 631
428 631
630 631
631 631
197 632
276 632
630 632
631 632
630 633
631 633
63 634
115 634
116 634
635 635
636 636
129 637
171 637
637 637
637 638
162 639
427 639
441 639
60 640
427 640
60 641
162 641
164 641
345 641
426 641
427 641
491 641
60 642
162 642
368 642
427 642
11 643
60 643
161 643
162 643
163 643
165 643
202 643
236 643
267 643
400 643
415 643
417 643
418 643
419 643
420 643
422 643
424 643
425 643
426 643
427 643
429 643
432 643
449 643
491 643
506 643
542 643
545 643
639 643
640 643
641 643
642 643
643 643
427 644
60 645
427 645
643 645
60 646
162 646
197 646
427 646
643 646
30 647
368 647
372 647
427 647
640 647
643 647
60 648
63 648
162 648
301 648
424 648
491 648
643 648
424 649
424 650
119 651
129 651
248 651
375 651
441 651
651 651
129 652
248 652
651 652
652 652
162 653
162 654
60 655
162 655
643 655
162 656
202 656
281 656
545 656
554 656
643 656
60 657
162 657
643 657
216 658
477 658
507 658
658 658
479 659
658 659
295 660
408 660
583 660
660 660
660 661
67 662
298 662
660 662
70 663
93 663
106 663
110 663
212 663
397 663
428 663
486 663
626 663
627 663
663 663
663 664
663 665
663 666
663 667
351 668
647 668
663 668
22 669
669 669
377 670
569 670
658 670
670 670
504 671
670 671
262 672
507 672
508 672
670 672
672 672
321 673
670 673
670 674
14 675
119 675
504 675
569 675
585 675
670 675
672 675
673 675
377 676
569 676
670 676
672 676
673 676
675 676
670 677
151 678
198 678
262 678
503 678
507 678
508 678
569 678
670 678
671 678
673 678
675 678
676 678
504 679
678 679
508 680
678 680
675 681
678 681
48 682
208 683
209 683
387 683
585 683
682 683
683 683
235 684
684 684
235 685
289 685
684 685
148 686
149 686
154 686
149 687
152 687
157 687
159 687
254 687
256 687
262 687
263 687
264 687
266 687
267 687
268 687
364 687
365 687
366 687
369 687
370 687
504 687
507 687
508 687
679 687
686 687
148 688
149 688
151 688
152 688
153 688
154 688
159 688
370 688
686 688
688 688
148 689
149 689
152 689
154 689
687 689
688 689
148 690
149 690
152 690
154 690
687 690
688 690
396 691
692 692
693 693
693 694
693 695
120 696
121 696
132 696
164 696
166 696
168 696
184 696
242 696
251 696
282 696
371 696
441 696
443 696
490 696
543 696
696 696
696 697
22 698
69 698
70 698
93 698
397 698
428 698
509 698
569 698
667 698
668 698
696 698
698 698
696 699
700 701
303 702
340 702
347 702
702 702
565 703
702 703
702 704
705 705
705 706
225 707
615 707
707 707
68 708
73 708
75 708
82 708
184 708
225 708
236 708
543 708
707 708
708 708
225 709
707 709
708 709
709 709
707 710
539 711
711 711
5 712
711 712
30 713
72 713
713 713
713 714
507 715
715 715
68 716
716 716
716 717
716 718
719 719
146 720
252 720
358 720
460 720
720 721
720 722
720 723
720 724
720 725
22 726
48 726
146 726
650 726
683 726
720 726
721 726
723 726
725 726
726 726
720 727
720 728
726 728
720 729
726 729
720 730
726 730
198 731
720 731
726 731
720 732
726 732
720 733
726 733
720 734
720 735
726 735
175 736
460 736
720 736
721 736
722 736
723 736
724 736
725 736
726 736
727 736
728 736
729 736
730 736
731 736
732 736
733 736
734 736
735 736
736 736
720 737
726 737
736 737
720 738
726 738
736 738
720 739
726 739
736 739
720 740
726 740
736 740
720 741
726 742
175 743
726 743
736 743
726 744
736 744
389 745
726 745
5 746
726 746
111 747
175 747
293 747
726 747
736 747
743 747
747 747
748 748
749 749
749 750
750 750
72 751
275 751
586 751
592 751
597 751
747 751
751 751
71 752
218 752
752 752
752 753
752 754
752 755
752 756
752 757
752 758
752 759
752 760
119 761
752 761
752 762
752 763
119 764
218 764
752 764
753 764
755 764
757 764
758 764
761 764
762 764
763 764
764 764
752 765
764 765
60 766
117 766
122 766
169 766
202 766
218 766
400 766
504 766
550 766
752 766
753 766
755 766
757 766
758 766
759 766
760 766
761 766
762 766
763 766
764 766
765 766
169 767
752 767
766 767
752 768
752 769
766 769
752 770
764 770
766 770
752 771
764 771
766 771
752 772
764 772
766 772
752 773
764 773
135 774
202 774
208 774
209 774
321 774
324 774
492 774
774 774
774 775
117 776
202 776
228 776
335 776
371 776
492 776
774 776
776 776
774 777
774 778
774 779
774 780
504 781
774 781
776 781
301 782
774 782
5 783
114 783
135 783
144 783
244 783
289 783
300 783
327 783
375 783
377 783
378 783
379 783
380 783
405 783
415 783
421 783
430 783
443 783
498 783
548 783
577 783
610 783
774 783
504 784
774 784
776 784
774 785
776 785
774 786
774 787
504 788
774 788
776 788
774 789
5 790
504 790
774 790
776 790
774 791
776 791
774 792
774 793
504 794
774 794
776 795
776 796
504 797
776 797
122 798
427 798
776 798
776 799
504 800
776 800
22 801
776 801
801 801
776 802
492 803
778 803
781 803
782 803
785 803
788 803
790 803
797 803
803 804
135 805
200 805
202 805
267 805
406 805
492 805
732 805
777 805
778 805
779 805
780 805
781 805
782 805
784 805
785 805
788 805
789 805
793 805
794 805
795 805
797 805
798 805
800 805
802 805
804 805
805 806
805 807
805 808
805 809
6 810
175 810
503 810
743 810
747 810
751 810
805 810
810 810
805 811
805 812
766 813
119 814
766 814
766 815
766 816
163 817
398 817
594 817
766 817
766 818
119 819
764 819
766 819
491 820
766 820
119 821
766 821
71 822
246 822
387 822
546 822
547 822
621 822
822 822
237 823
277 823
507 823
810 823
822 823
822 824
824 824
160 825
169 825
198 825
491 825
497 825
536 825
822 825
825 825
68 826
194 826
275 826
385 826
387 826
621 826
822 826
826 826
387 827
826 827
282 828
387 828
826 828
387 829
826 829
826 830
826 831
22 832
219 832
275 832
494 832
548 832
590 832
667 832
826 832
830 832
832 832
119 833
301 833
491 833
826 833
826 834
67 835
375 835
826 835
83 836
197 836
387 836
495 836
826 836
833 836
826 837
826 838
839 839
840 840
841 841
84 842
211 842
842 842
158 843
184 843
817 843
843 843
145 844
148 844
152 844
153 844
154 844
159 844
686 844
688 844
689 844
690 844
844 844
250 845
647 845
845 845
845 846
643 847
847 847
20 848
22 848
62 848
71 848
129 848
167 848
175 848
184 848
374 848
397 848
660 848
848 848
62 849
79 849
184 849
279 849
343 849
345 849
346 849
381 849
428 849
549 849
849 849
62 850
580 850
62 851
848 851
849 851
849 852
229 853
333 853
354 853
405 853
598 853
600 853
610 853
848 853
849 853
851 853
852 853
848 854
851 854
853 854
854 854
848 855
854 855
594 856
594 857
832 857
594 858
594 859
410 860
594 860
861 861
861 862
36 863
774 863
863 863
317 864
643 864
863 864
865 865
68 866
187 866
275 866
302 866
303 866
374 866
461 866
621 866
624 866
866 866
866 867
866 868
866 869
866 870
161 871
165 871
166 871
251 871
262 871
370 871
442 871
490 871
503 871
505 871
506 871
508 871
544 871
641 871
398 872
871 872
68 873
81 873
152 873
207 873
275 873
302 873
303 873
387 873
389 873
592 873
593 873
619 873
621 873
624 873
625 873
299 874
389 874
565 874
596 874
873 874
874 874
873 875
5 876
22 876
226 876
647 876
876 876
876 877
289 878
441 878
134 879
251 879
441 879
119 880
441 880
120 881
130 881
132 881
134 881
137 881
164 881
165 881
166 881
170 881
202 881
242 881
251 881
377 881
441 881
442 881
444 881
458 881
474 881
543 881
570 881
641 881
696 881
864 881
881 881
134 882
251 882
289 882
441 882
134 883
164 883
398 883
881 883
180 884
238 884
428 884
494 884
884 884
884 885
198 886
351 886
565 886
884 886
781 887
782 887
789 887
790 887
797 887
800 887
887 887
887 888
887 889
887 890
890 890
887 891
890 891
853 892
892 892
887 893
890 893
893 893
146 894
155 894
186 895
895 895
895 896
895 897
895 898
895 899
895 900
896 900
897 900
898 900
899 900
900 900
901 901
119 902
901 902
832 903
901 903
449 904
452 904
904 904
904 905
9 906
208 906
452 906
904 906
904 907
907 907
904 908
907 908
10 909
208 909
252 909
904 909
216 910
910 910
910 911
910 912
910 913
914 914
914 915
288 916
291 916
916 916
291 917
917 917
283 918
284 918
285 918
286 918
287 918
288 918
289 918
290 918
291 918
292 918
452 918
473 918
916 918
918 918
20 919
238 919
119 920
491 920
919 920
921 921
921 922
276 923
74 924
276 924
352 924
485 924
583 924
585 924
587 924
588 924
627 924
276 925
56 926
276 926
276 927
276 928
832 928
208 929
276 929
398 929
930 930
147 931
660 931
931 931
931 932
698 933
933 933
933 934
498 935
933 935
935 935
933 936
935 936
933 937
935 937
149 938
159 938
933 938
936 938
937 938
938 938
933 939
935 939
938 939
5 940
57 940
161 940
477 940
507 940
751 940
825 940
940 940
941 941
69 942
148 942
428 942
942 942
64 943
943 943
944 944
36 945
182 945
350 945
351 945
352 945
564 945
945 945
182 946
945 946
182 947
945 947
350 948
351 948
945 948
182 949
945 949
950 951
950 952
950 953
950 954
950 955
950 956
950 957
230 958
584 958
643 958
230 959
398 959
627 959
958 959
959 959
230 960
230 961
398 961
643 961
959 961
230 962
398 962
583 962
584 962
959 962
230 963
584 963
959 963
230 964
230 965
583 965
958 965
959 965
960 965
961 965
962 965
964 965
230 966
959 966
965 966
230 967
462 967
965 967
230 968
208 969
230 969
232 969
398 969
965 969
230 970
230 971
398 971
643 971
721 971
958 971
959 971
961 971
962 971
963 971
964 971
965 971
966 971
969 971
971 971
903 972
972 972
2 973
972 973
973 973
2 974
117 974
972 974
973 974
974 974
71 975
975 975
975 976
232 977
959 977
971 977
959 978
18 979
979 979
554 980
143 981
630 981
824 981
825 981
208 982
499 982
982 982
68 983
983 983
119 984
137 984
152 984
164 984
274 984
293 984
299 984
301 984
389 984
548 984
553 984
594 984
596 984
597 984
647 984
983 984
983 985
504 986
157 987
254 987
262 987
364 987
365 987
367 987
368 987
369 987
370 987
503 987
504 987
507 987
508 987
680 987
987 987
504 988
507 988
508 988
987 988
267 989
687 989
267 990
148 991
157 991
253 991
257 991
259 991
260 991
261 991
262 991
263 991
267 991
268 991
269 991
366 991
369 991
370 991
503 991
504 991
505 991
507 991
508 991
671 991
675 991
988 991
989 991
991 992
10 993
10 994
116 994
143 994
144 994
167 994
252 994
306 994
333 994
415 994
445 994
600 994
909 994
2 995
10 995
121 995
137 995
167 995
171 995
248 995
250 995
306 995
420 995
909 995
995 995
5 996
398 996
783 996
398 997
398 998
398 999
79 1000
398 1000
458 1000
548 1000
590 1000
646 1000
398 1001
287 1002
288 1002
289 1002
292 1002
1002 1002
57 1003
209 1003
415 1003
421 1003
627 1003
783 1003
1003 1003
1003 1004
30 1005
79 1005
208 1005
587 1005
1003 1005
82 1006
626 1006
1003 1006
783 1007
859 1007
1006 1007
1007 1007
1007 1008
136 1009
147 1009
150 1009
152 1009
156 1009
158 1009
160 1009
169 1009
201 1009
228 1009
335 1009
366 1009
542 1009
677 1009
1009 1009
147 1010
160 1010
169 1010
171 1010
282 1010
372 1010
903 1010
1009 1010
1010 1010
44 1011
1009 1011
1009 1012
60 1013
1013 1013
1014 1014
6 1015
34 1015
48 1015
119 1015
183 1015
301 1015
328 1015
374 1015
444 1015
491 1015
642 1015
709 1015
882 1015
1015 1015
427 1016
491 1016
536 1016
1015 1016
1015 1017
60 1018
426 1018
643 1018
1018 1018
82 1019
211 1019
230 1019
553 1019
626 1019
643 1019
45 1020
134 1020
136 1020
198 1020
238 1020
300 1020
301 1020
543 1020
643 1020
57 1021
630 1021
641 1021
642 1021
643 1021
643 1022
643 1023
57 1024
81 1024
144 1024
321 1024
630 1024
643 1024
825 1024
643 1025
1020 1025
643 1026
30 1027
45 1027
60 1027
163 1027
165 1027
298 1027
300 1027
301 1027
420 1027
424 1027
426 1027
506 1027
640 1027
641 1027
642 1027
643 1027
646 1027
647 1027
653 1027
657 1027
690 1027
1022 1027
1027 1027
832 1028
477 1029
832 1029
565 1030
783 1030
832 1030
832 1031
72 1032
74 1032
485 1032
583 1032
584 1032
585 1032
587 1032
588 1032
627 1032
1032 1032
70 1033
72 1033
74 1033
485 1033
583 1033
584 1033
585 1033
587 1033
588 1033
627 1033
924 1033
958 1033
959 1033
960 1033
961 1033
962 1033
963 1033
964 1033
965 1033
966 1033
971 1033
1032 1033
1033 1033
1032 1034
565 1035
1032 1035
1032 1036
30 1037
63 1037
69 1037
74 1037
173 1037
174 1037
177 1037
184 1037
282 1037
509 1037
570 1037
584 1037
587 1037
627 1037
1033 1037
1037 1037
1037 1038
56 1039
499 1039
565 1039
1037 1039
1 1040
38 1040
57 1040
67 1040
70 1040
71 1040
73 1040
282 1040
387 1040
397 1040
509 1040
587 1040
749 1040
829 1040
1040 1040
1024 1041
1040 1041
230 1042
498 1042
587 1042
1005 1042
1040 1042
237 1043
1040 1043
195 1044
237 1044
251 1044
351 1044
523 1044
565 1044
828 1044
1040 1044
223 1045
1046 1046
1046 1047
1046 1048
1048 1048
1049 1049
1050 1050
14 1051
146 1051
187 1051
275 1051
557 1051
565 1051
591 1051
592 1051
595 1051
1051 1051
62 1052
68 1052
165 1052
168 1052
275 1052
282 1052
732 1052
743 1052
747 1052
751 1052
810 1052
1051 1052
1052 1052
208 1053
324 1053
14 1054
146 1054
200 1054
351 1054
352 1054
1041 1054
1054 1054
350 1055
351 1055
1054 1055
350 1056
187 1057
236 1057
275 1057
302 1057
303 1057
557 1057
592 1057
593 1057
621 1057
624 1057
1051 1057
1057 1057
195 1058
1058 1058
1058 1059
1060 1060
1061 1061
594 1062
848 1062
849 1062
859 1062
1062 1062
1063 1063
293 1064
387 1065
830 1065
835 1065
1065 1065
185 1066
747 1066
853 1066
1065 1066
1066 1066
460 1067
721 1067
722 1067
723 1067
724 1067
725 1067
726 1067
727 1067
728 1067
729 1067
730 1067
731 1067
732 1067
733 1067
734 1067
735 1067
737 1067
738 1067
739 1067
740 1067
744 1067
787 1067
38 1068
185 1068
390 1068
565 1068
389 1069
390 1069
565 1069
874 1069
1068 1069
389 1070
390 1070
565 1070
874 1070
1068 1070
389 1071
390 1071
565 1071
1068 1071
390 1072
565 1072
1068 1072
390 1073
1068 1073
390 1074
565 1074
1 1075
462 1075
1069 1075
1070 1075
1075 1075
462 1076
1075 1076
1 1077
1070 1077
1071 1077
1075 1077
1076 1077
1 1078
2 1078
19 1078
1069 1078
1070 1078
1075 1078
1076 1078
1077 1078
1078 1078
1075 1079
1077 1079
1078 1079
230 1080
1075 1080
1078 1080
1075 1081
626 1082
1075 1082
1077 1082
1078 1082
462 1083
736 1083
1077 1083
1078 1083
1078 1084
1077 1085
299 1086
389 1086
565 1086
596 1086
874 1086
1069 1086
1070 1086
1071 1086
1072 1086
1086 1086
389 1087
565 1087
874 1087
1086 1087
389 1088
565 1088
874 1088
1086 1088
389 1089
874 1089
389 1090
565 1090
874 1090
389 1091
874 1091
565 1092
211 1093
213 1093
213 1094
211 1095
213 1095
211 1096
213 1096
211 1097
213 1097
401 1097
252 1098
491 1098
995 1098
4 1099
36 1099
38 1099
200 1099
202 1099
252 1099
282 1099
397 1099
564 1099
627 1099
828 1099
854 1099
862 1099
1099 1099
252 1100
995 1100
70 1101
272 1101
397 1101
442 1101
712 1101
1101 1102
1101 1103
1101 1104
36 1105
121 1105
129 1105
135 1105
137 1105
171 1105
248 1105
1045 1105
1105 1106
441 1107
1105 1107
301 1108
317 1108
1105 1108
477 1109
507 1109
1105 1109
208 1110
583 1110
585 1110
587 1110
1033 1110
587 1111
994 1111
1033 1111
5 1112
56 1112
194 1112
583 1112
585 1112
587 1112
626 1112
1033 1112
72 1113
74 1113
456 1113
485 1113
583 1113
584 1113
585 1113
586 1113
587 1113
588 1113
627 1113
630 1113
924 1113
960 1113
962 1113
964 1113
965 1113
971 1113
1033 1113
1110 1113
1112 1113
1113 1113
585 1114
1113 1114
965 1115
971 1115
1113 1115
72 1116
74 1116
485 1116
584 1116
585 1116
587 1116
588 1116
627 1116
924 1116
962 1116
1033 1116
1112 1116
1113 1116
1116 1116
584 1117
389 1118
38 1119
122 1119
299 1119
389 1119
390 1119
548 1119
565 1119
783 1119
1068 1119
1120 1120
72 1121
74 1121
485 1121
583 1121
584 1121
585 1121
586 1121
587 1121
588 1121
627 1121
924 1121
1033 1121
1110 1121
1112 1121
1113 1121
1121 1122
1113 1123
1123 1123
1123 1124
1123 1125
1123 1126
1123 1127
60 1128
146 1128
202 1128
338 1128
340 1128
341 1128
342 1128
343 1128
344 1128
345 1128
346 1128
347 1128
381 1128
382 1128
400 1128
641 1128
699 1128
1128 1128
115 1129
1128 1129
230 1130
231 1130
235 1130
903 1130
1044 1130
1130 1130
917 1131
1131 1131
1131 1132
917 1133
1131 1133
119 1134
971 1134
63 1135
115 1135
152 1135
301 1135
500 1135
507 1135
1135 1135
93 1136
251 1136
901 1136
1021 1136
1033 1136
1136 1136
1136 1137
178 1138
208 1138
783 1138
1136 1138
1136 1139
1136 1140
1136 1141
1136 1142
157 1143
220 1143
289 1143
491 1143
1143 1143
801 1144
452 1145
906 1145
452 1146
906 1146
1145 1146
452 1147
1146 1147
452 1148
452 1149
906 1149
1146 1149
317 1150
783 1150
317 1151
93 1152
1152 1152
1152 1153
1153 1153
1152 1154
1153 1154
1152 1155
1152 1156
1153 1156
1152 1157
626 1158
698 1158
698 1159
698 1160
1160 1160
1161 1161
1161 1162
1161 1163
60 1164
1164 1164
368 1165
1010 1165
70 1166
352 1166
368 1166
509 1166
1166 1166
233 1167
337 1167
233 1168
337 1168
178 1169
180 1169
1169 1169
211 1170
213 1170
401 1170
402 1170
729 1170
866 1170
1095 1170
1097 1170
1170 1170
211 1171
282 1171
501 1171
211 1172
20 1173
22 1173
903 1173
1173 1173
146 1174
977 1174
1134 1174
1173 1174
5 1175
194 1175
498 1175
626 1175
1173 1175
1143 1176
1173 1176
91 1177
186 1177
1177 1177
5 1178
148 1178
536 1178
783 1178
5 1179
647 1179
876 1179
5 1180
148 1180
198 1180
238 1180
300 1180
434 1180
438 1180
439 1180
440 1180
461 1180
783 1180
926 1180
1085 1180
5 1181
5 1182
783 1182
1062 1182
5 1183
5 1184
5 1185
5 1186
208 1186
226 1186
284 1186
425 1186
427 1186
810 1186
838 1186
972 1186
1015 1186
406 1187
660 1187
662 1187
1151 1187
1187 1187
660 1188
1187 1188
1187 1189
1187 1190
17 1191
73 1191
825 1191
1178 1191
1187 1191
1187 1192
184 1193
372 1193
397 1193
498 1193
509 1193
511 1193
627 1193
698 1193
721 1193
1193 1193
1194 1194
1194 1195
1196 1196
1196 1197
1196 1198
152 1199
153 1199
262 1199
365 1199
366 1199
367 1199
369 1199
370 1199
504 1199
507 1199
686 1199
688 1199
1199 1199
151 1200
157 1200
254 1200
262 1200
365 1200
369 1200
507 1200
508 1200
739 1200
148 1201
149 1201
151 1201
152 1201
153 1201
157 1201
159 1201
254 1201
260 1201
262 1201
263 1201
264 1201
364 1201
365 1201
366 1201
367 1201
368 1201
369 1201
370 1201
503 1201
504 1201
507 1201
508 1201
673 1201
679 1201
688 1201
690 1201
844 1201
988 1201
989 1201
1199 1201
687 1202
1201 1202
152 1203
1201 1203
687 1204
987 1204
1205 1205
220 1206
698 1206
1206 1206
45 1207
110 1207
185 1207
198 1207
220 1207
301 1207
1143 1207
1181 1207
1206 1207
1207 1207
1206 1208
1207 1208
53 1209
69 1209
1206 1209
1207 1209
1206 1210
1207 1210
1206 1211
1207 1211
1209 1211
275 1212
335 1212
799 1212
1011 1212
1212 1212
1212 1213
1212 1214
1212 1215
1212 1216
185 1217
536 1217
1217 1217
1217 1218
48 1219
683 1219
1219 1219
61 1220
93 1220
500 1220
799 1220
1220 1221
987 1222
58 1223
274 1223
301 1223
553 1223
45 1224
300 1224
301 1224
1224 1224
1224 1225
175 1226
810 1226
1052 1226
175 1227
747 1227
175 1228
175 1229
810 1229
175 1230
747 1230
175 1231
440 1231
736 1231
743 1231
747 1231
1228 1231
175 1232
1231 1232
175 1233
747 1233
1231 1233
175 1234
723 1235
732 1235
735 1235
736 1235
736 1236
1237 1237
1237 1238
117 1239
136 1239
242 1239
544 1239
1239 1239
1239 1240
1239 1241
1239 1242
1239 1243
1239 1244
1 1245
38 1245
63 1246
73 1246
295 1246
1246 1247
20 1248
120 1248
121 1248
125 1248
132 1248
134 1248
137 1248
164 1248
166 1248
168 1248
240 1248
245 1248
247 1248
251 1248
301 1248
441 1248
442 1248
443 1248
458 1248
490 1248
696 1248
881 1248
883 1248
1248 1248
132 1249
134 1249
251 1249
1248 1249
1250 1250
152 1251
189 1251
152 1252
536 1252
152 1253
289 1253
146 1254
147 1254
152 1254
328 1254
577 1254
817 1254
146 1255
152 1255
152 1256
152 1257
10 1258
167 1258
252 1258
306 1258
712 1258
909 1258
995 1258
1258 1258
1258 1259
150 1260
156 1260
158 1260
496 1260
791 1260
1099 1260
1260 1260
1260 1261
1260 1262
317 1263
1099 1263
1099 1264
1099 1265
810 1266
1052 1266
810 1267
1052 1267
82 1268
1052 1268
1052 1269
1052 1270
1180 1270
747 1271
810 1271
1052 1271
729 1272
747 1272
810 1272
1052 1272
1226 1272
1266 1272
1267 1272
1270 1272
1271 1272
747 1273
1272 1273
1 1274
175 1274
743 1274
747 1274
810 1274
1083 1274
1226 1274
1231 1274
1234 1274
1271 1274
1272 1274
933 1275
1274 1275
146 1276
747 1276
747 1277
5 1278
183 1278
230 1278
231 1278
1278 1278
1278 1279
186 1280
368 1280
397 1280
494 1280
664 1280
667 1280
668 1280
1038 1280
1280 1280
1280 1281
199 1282
237 1282
1282 1283
237 1284
1282 1284
237 1285
237 1286
479 1287
207 1288
624 1288
1288 1288
1288 1289
1288 1290
1288 1291
1288 1292
1059 1293
1186 1293
1293 1293
169 1294
282 1294
825 1294
995 1295
995 1296
1297 1297
1298 1298
1298 1299
1300 1300
1300 1301
321 1302
322 1302
1043 1302
1302 1302
1302 1303
235 1304
881 1304
235 1305
230 1306
231 1306
235 1306
1307 1307
148 1308
301 1308
462 1308
1039 1308
1307 1308
14 1309
57 1309
208 1309
1307 1309
1308 1309
185 1310
220 1310
228 1310
507 1310
650 1310
673 1310
711 1310
825 1310
981 1310
994 1310
1062 1310
1310 1310
1310 1311
1310 1312
1021 1313
1310 1313
1310 1314
1310 1315
1310 1316
1310 1317
1317 1317
1310 1318
1310 1319
1062 1320
1275 1320
1310 1320
1321 1321
198 1322
428 1322
1322 1322
56 1323
209 1323
498 1323
1322 1323
101 1324
237 1325
747 1325
810 1325
1052 1325
1085 1325
1267 1325
1325 1325
1325 1326
57 1327
1327 1327
1327 1328
1327 1329
1330 1330
1331 1331
230 1332
1331 1332
16 1333
1333 1333
1334 1334
22 1335
167 1335
600 1335
1335 1335
196 1336
228 1336
368 1336
470 1336
648 1336
662 1336
673 1336
843 1336
849 1336
1336 1336
1336 1337
1336 1338
1336 1339
1336 1340
1336 1341
1336 1342
1336 1343
1336 1344
30 1345
70 1345
212 1345
397 1345
586 1345
1336 1345
1345 1345
119 1346
1336 1346
1347 1347
1348 1348
1 1349
74 1349
212 1349
282 1349
428 1349
584 1349
586 1349
587 1349
650 1349
790 1349
825 1349
924 1349
1033 1349
1041 1349
1198 1349
1349 1349
1349 1350
30 1351
660 1352
1351 1352
1351 1353
1351 1354
1351 1355
30 1356
638 1356
1030 1356
1352 1356
1354 1356
1356 1356
30 1357
498 1357
499 1357
626 1357
638 1357
1005 1357
1030 1357
1353 1357
1356 1357
1357 1357
1356 1358
1359 1359
1359 1360
1360 1360
1361 1361
242 1362
1361 1362
1363 1363
1363 1364
1363 1365
938 1366
1197 1367
1198 1367
1367 1367
1367 1368
1367 1369
1367 1370
30 1371
660 1371
1040 1371
1187 1371
1371 1371
515 1372
1309 1372
1371 1372
1372 1372
907 1373
36 1374
567 1374
1374 1374
22 1375
238 1375
494 1375
856 1375
859 1375
920 1375
1144 1375
144 1376
468 1376
646 1376
981 1376
1138 1376
1250 1376
1253 1376
1375 1376
30 1377
81 1377
333 1377
554 1377
825 1377
1375 1377
1376 1377
22 1378
211 1378
397 1378
810 1378
1052 1378
1378 1378
1379 1379
93 1380
1380 1380
1380 1381
1380 1382
1380 1383
398 1384
1384 1384
81 1385
757 1385
927 1385
1385 1385
1385 1386
116 1387
837 1387
1385 1387
1386 1387
1387 1387
1385 1388
1387 1388
1385 1389
1387 1389
1388 1389
1385 1390
36 1391
150 1391
152 1391
160 1391
161 1391
169 1391
198 1391
236 1391
492 1391
496 1391
872 1391
1108 1391
1151 1391
1391 1391
16 1392
281 1392
577 1392
1392 1392
337 1393
973 1393
68 1394
650 1394
783 1394
1394 1394
927 1395
1395 1395
1396 1396
1397 1397
1398 1398
1399 1399
1400 1400
300 1401
1401 1401
186 1402
650 1402
1402 1402
1403 1403
1404 1404
460 1405
1405 1405
783 1406
996 1406
1182 1406
1406 1406
70 1407
113 1407
1407 1407
1408 1408
68 1409
1409 1409
1410 1410
117 1411
170 1411
335 1411
415 1411
416 1411
421 1411
430 1411
783 1411
799 1411
1212 1411
1411 1411
60 1412
421 1412
1027 1412
1411 1412
60 1413
421 1413
626 1413
1411 1413
1170 1414
1170 1415
1024 1416
1416 1416
600 1417
1417 1417
5 1418
1418 1418
881 1419
1122 1420
1420 1420
186 1421
276 1421
632 1421
925 1421
928 1421
929 1421
1421 1421
1287 1422
1422 1422
63 1423
1422 1423
1423 1423
1424 1424
1425 1425
60 1426
60 1427
1072 1428
1079 1428
1428 1428
171 1429
1430 1430
193 1431
1431 1431
1027 1432
972 1433
1027 1433
6 1434
152 1434
255 1434
259 1434
260 1434
262 1434
263 1434
264 1434
265 1434
266 1434
267 1434
268 1434
269 1434
327 1434
328 1434
365 1434
495 1434
594 1434
651 1434
825 1434
989 1434
1434 1434
290 1435
1436 1436
1436 1437
38 1438
74 1438
130 1438
134 1438
390 1438
1438 1438
130 1439
134 1439
137 1439
289 1439
134 1440
483 1441
587 1441
1441 1441
3 1442
6 1442
67 1442
77 1442
171 1442
207 1442
209 1442
212 1442
281 1442
282 1442
355 1442
569 1442
583 1442
682 1442
928 1442
965 1442
966 1442
1041 1442
1177 1442
1193 1442
1210 1442
1239 1442
1310 1442
1357 1442
1441 1442
56 1443
73 1443
278 1443
570 1443
783 1443
1442 1443
1443 1443
1444 1444
276 1445
398 1445
1445 1445
1446 1446
1447 1447
38 1448
236 1448
853 1448
1434 1448
1448 1448
57 1449
1449 1449
1450 1450
22 1451
48 1451
71 1451
200 1451
358 1451
494 1451
745 1451
1047 1451
1451 1451
1451 1452
1451 1453
1451 1454
1451 1455
974 1456
147 1457
424 1457
590 1457
1411 1457
1345 1458
488 1459
692 1459
1459 1459
1459 1460
1459 1461
1462 1462
1463 1463
1464 1464
1465 1465
1466 1466
692 1467
1467 1467
767 1468
1468 1468
1469 1469
1470 1470
1471 1471
1472 1472
1473 1473
82 1474
86 1474
333 1474
190 1475
318 1475
979 1475
1171 1475
1442 1475
1474 1475
289 1476
626 1476
994 1476
1474 1476
111 1477
289 1477
368 1477
507 1477
783 1477
1005 1477
1021 1477
1207 1477
1309 1477
1442 1477
676 1478
783 1478
1441 1478
251 1479
498 1479
660 1479
783 1479
835 1479
1392 1479
783 1480
783 1481
1441 1481
783 1482
251 1483
351 1483
387 1483
595 1483
783 1483
828 1483
1037 1483
783 1484
783 1485
82 1486
119 1486
142 1486
289 1486
507 1486
565 1486
783 1486
828 1486
981 1486
1037 1486
783 1487
195 1488
427 1488
783 1488
783 1489
52 1490
783 1490
979 1490
1171 1490
1189 1490
1479 1490
783 1491
119 1492
429 1492
783 1492
1024 1492
1442 1492
783 1493
251 1494
783 1494
749 1495
783 1495
148 1496
289 1496
301 1496
783 1496
351 1497
462 1497
783 1497
1021 1497
783 1498
189 1499
565 1499
783 1499
1062 1499
26 1500
119 1500
142 1500
189 1500
507 1500
587 1500
783 1500
853 1500
1441 1500
429 1501
507 1501
783 1501
1376 1501
1502 1503
333 1504
590 1504
110 1505
289 1505
1504 1505
1042 1506
515 1507
518 1507
1310 1507
1506 1507
587 1508
647 1508
731 1508
1180 1508
1191 1508
1417 1508
1442 1508
1506 1508
1506 1509
132 1510
137 1510
301 1510
425 1510
491 1510
1027 1510
1506 1510
18 1511
1138 1512
1501 1512
1512 1513
523 1514
1512 1514
441 1515
660 1515
1512 1515
148 1516
441 1516
647 1516
1231 1516
1392 1516
1512 1516
56 1517
853 1517
1207 1517
1442 1517
56 1518
56 1519
68 1519
111 1519
178 1519
230 1519
357 1519
387 1519
427 1519
1143 1519
1441 1519
5 1520
56 1520
122 1520
185 1520
190 1520
209 1520
536 1520
1037 1520
1054 1520
1442 1520
56 1521
56 1522
56 1523
565 1523
56 1524
110 1524
209 1524
565 1524
626 1524
1442 1524
56 1525
499 1525
12 1526
515 1526
993 1526
1483 1526
515 1527
515 1528
1507 1528
515 1529
515 1530
517 1530
122 1531
289 1532
1495 1532
161 1533
289 1533
994 1533
188 1534
289 1534
289 1535
289 1536
251 1537
289 1537
289 1538
289 1539
565 1540
477 1541
498 1541
565 1541
565 1542
565 1543
251 1544
540 1544
565 1544
642 1544
832 1544
1021 1544
1486 1544
195 1545
565 1545
981 1545
565 1546
65 1547
565 1547
1206 1547
565 1548
565 1549
1054 1549
185 1550
565 1550
832 1550
1442 1550
565 1551
565 1552
68 1553
198 1553
212 1553
327 1553
565 1553
577 1553
627 1553
631 1553
632 1553
658 1553
660 1553
969 1553
1039 1553
1349 1553
1515 1553
1541 1553
34 1554
63 1554
301 1554
491 1554
565 1554
984 1554
565 1555
119 1556
351 1556
385 1556
565 1556
1254 1556
565 1557
282 1558
1495 1558
1062 1560
1559 1560
1559 1561
1070 1562
1071 1562
1075 1562
1083 1562
1515 1562
1553 1562
1559 1562
1559 1563
1500 1564
106 1565
110 1565
1564 1565
16 1567
73 1567
373 1567
1442 1567
1536 1567
1566 1567
198 1568
594 1568
1211 1568
119 1569
132 1569
137 1569
164 1569
168 1569
169 1569
225 1569
247 1569
442 1569
1249 1569
1510 1569
1554 1569
225 1570
225 1571
5 1572
538 1572
1417 1572
5 1573
5 1574
5 1575
5 1576
198 1576
499 1576
5 1577
498 1577
626 1577
5 1578
498 1578
626 1578
981 1578
5 1579
208 1579
5 1580
498 1580
810 1580
1442 1580
70 1581
135 1581
167 1581
209 1581
351 1581
375 1581
708 1581
1349 1581
1534 1581
178 1582
1581 1582
1143 1583
354 1584
1307 1584
1308 1584
1309 1584
1516 1584
1567 1585
1584 1585
188 1586
208 1586
226 1586
284 1586
425 1586
810 1586
972 1586
1015 1586
1209 1586
1434 1586
1584 1586
536 1587
368 1588
536 1588
536 1589
660 1589
835 1589
1037 1589
536 1590
536 1591
251 1592
536 1592
1377 1592
536 1593
1442 1593
536 1594
835 1594
1037 1594
124 1595
536 1595
536 1596
536 1597
119 1598
184 1598
371 1598
372 1598
373 1598
597 1598
853 1598
1263 1598
477 1599
507 1599
853 1599
1434 1599
1567 1599
853 1600
191 1601
507 1601
626 1601
647 1601
835 1601
853 1601
1024 1601
1054 1601
853 1602
853 1603
357 1604
507 1604
853 1604
1563 1604
1593 1604
237 1605
352 1605
853 1605
1110 1605
176 1606
180 1606
275 1606
1005 1606
1336 1606
1485 1606
1550 1606
1582 1606
1606 1607
1606 1608
836 1609
1606 1609
1606 1610
58 1611
1606 1611
333 1612
1059 1612
1486 1612
1490 1612
1492 1612
1501 1612
1598 1612
1601 1612
56 1613
230 1613
231 1613
549 1613
584 1613
886 1613
1357 1613
1490 1613
1515 1613
1520 1613
208 1614
209 1614
1039 1614
1206 1614
1613 1614
208 1615
523 1615
1442 1615
1553 1615
1605 1615
1613 1615
208 1616
498 1616
626 1616
1613 1616
194 1617
196 1617
226 1617
462 1617
965 1617
972 1617
1309 1617
1376 1617
1442 1617
1613 1617
1003 1618
1613 1618
1613 1619
208 1620
462 1620
587 1620
1309 1620
1556 1620
1561 1620
1613 1620
1613 1621
1604 1622
178 1623
208 1623
508 1623
587 1623
828 1623
1442 1623
1604 1623
198 1624
1379 1624
360 1625
1624 1625
1624 1626
593 1627
1376 1627
1515 1627
588 1628
1112 1628
1519 1628
1623 1628
1627 1628
301 1629
567 1629
981 1629
1627 1629
626 1630
1630 1631
1632 1633
1486 1634
1488 1634
1495 1634
477 1635
507 1635
1486 1635
1576 1635
507 1636
994 1636
1620 1636
1635 1636
119 1637
421 1637
427 1637
491 1637
553 1637
834 1637
836 1637
984 1637
1000 1637
1020 1637
1605 1638
34 1639
1113 1639
1638 1639
853 1640
1638 1640
1376 1641
1392 1641
1376 1642
1376 1643
503 1644
1168 1644
1376 1644
1206 1645
1376 1645
1385 1645
1553 1645
1628 1645
82 1646
198 1646
277 1646
333 1646
886 1646
1005 1646
1030 1646
1376 1646
1434 1646
1476 1646
1562 1646
1599 1646
1601 1646
146 1647
209 1647
282 1647
587 1647
1336 1647
1376 1647
1588 1647
1376 1648
12 1649
626 1649
12 1650
155 1650
626 1650
1649 1650
626 1651
208 1652
626 1652
208 1653
626 1653
208 1654
498 1654
626 1654
197 1655
626 1655
1377 1655
498 1656
626 1656
660 1656
626 1657
12 1658
626 1658
1650 1658
498 1659
626 1659
626 1660
626 1661
231 1662
385 1662
626 1662
1015 1662
1145 1662
57 1663
333 1663
590 1663
1508 1663
1533 1663
1592 1663
1593 1663
1598 1663
1641 1663
1645 1663
1531 1664
1614 1664
1628 1664
1663 1664
1275 1665
1508 1665
1533 1665
1614 1665
1641 1665
1663 1665
1664 1665
929 1666
1275 1666
1516 1666
1588 1666
1666 1667
834 1668
1666 1668
499 1669
499 1670
499 1671
1054 1671
1636 1672
6 1673
183 1673
1186 1673
1239 1673
1520 1673
1586 1673
1673 1674
1673 1675
1673 1676
226 1677
425 1677
427 1677
810 1677
838 1677
972 1677
1015 1677
1442 1677
1673 1677
76 1678
144 1678
594 1678
1138 1678
1492 1678
1501 1678
24 1679
144 1679
230 1679
231 1679
235 1679
375 1679
825 1679
1235 1679
1255 1679
1307 1679
1308 1679
1309 1679
1397 1679
1492 1679
1500 1679
1507 1679
1508 1679
1517 1679
1533 1679
1540 1679
1543 1679
1544 1679
1556 1679
1589 1679
1592 1679
1593 1679
1599 1679
1604 1679
1609 1679
1679 1680
1508 1681
1593 1681
1679 1681
1679 1682
1679 1683
198 1684
518 1684
1308 1684
1309 1684
1507 1684
1508 1684
1584 1684
1679 1684
994 1685
1679 1685
1679 1686
226 1687
1679 1687
368 1688
1024 1688
1037 1688
1679 1688
251 1689
876 1689
1665 1689
1679 1689
352 1690
832 1690
1442 1690
1646 1690
1679 1690
1679 1691
1679 1692
1020 1693
1679 1693
318 1694
385 1694
1553 1694
1679 1694
1553 1695
1553 1696
1553 1697
507 1698
1553 1698
1553 1699
1553 1700
208 1701
1495 1701
1508 1701
1553 1701
1254 1702
1553 1702
337 1703
337 1704
337 1705
30 1706
194 1706
401 1706
608 1706
1064 1706
1479 1706
1706 1707
82 1708
1706 1708
1186 1709
1677 1709
1706 1709
1707 1709
1708 1709
1706 1710
1709 1710
1706 1711
1709 1711
1706 1712
1709 1712
45 1713
165 1713
188 1713
211 1713
271 1713
298 1713
300 1713
301 1713
459 1713
496 1713
497 1713
498 1713
499 1713
501 1713
548 1713
705 1713
827 1713
833 1713
1059 1713
1176 1713
1493 1713
1548 1713
1637 1713
1713 1714
1713 1715
1713 1716
523 1717
1143 1717
1020 1718
1143 1718
1143 1719
462 1720
660 1720
1037 1720
1143 1720
1392 1720
1562 1720
1143 1721
1143 1722
1143 1723
1536 1723
146 1724
1483 1724
38 1725
70 1725
166 1725
281 1725
375 1725
555 1725
585 1725
594 1725
932 1725
942 1725
1033 1725
1042 1725
1044 1725
1186 1725
1253 1725
1340 1725
1483 1725
1515 1725
1516 1725
1519 1725
1528 1725
1545 1725
1580 1725
1617 1725
1645 1725
1718 1725
1720 1725
1724 1725
282 1726
1544 1727
1726 1727
1645 1728
656 1729
193 1730
507 1730
1646 1730
193 1731
497 1731
507 1731
994 1731
193 1732
994 1732
1417 1733
1417 1734
1417 1735
1417 1736
1150 1737
1646 1737
40 1738
195 1738
251 1738
1174 1738
1209 1738
1737 1738
1027 1739
1027 1740
125 1741
1027 1741
1723 1742
477 1743
1062 1743
1650 1743
1650 1744
1650 1745
70 1746
1746 1747
208 1748
1746 1748
502 1749
1750 1751
1750 1752
1750 1753
1516 1754
230 1755
676 1755
1754 1755
1754 1756
1754 1757
1526 1758
1620 1759
1620 1760
1620 1761
853 1762
1719 1763
1762 1763
1629 1764
662 1765
1764 1765
34 1766
188 1766
196 1766
462 1766
587 1766
660 1766
1024 1766
1037 1766
1113 1766
1294 1766
1387 1766
94 1767
102 1767
507 1768
994 1768
1434 1768
301 1769
1434 1769
883 1770
1475 1770
375 1771
389 1771
1770 1771
1770 1772
643 1773
196 1774
301 1774
1010 1774
477 1775
507 1775
994 1775
507 1776
994 1776
507 1777
994 1777
507 1778
507 1779
507 1780
994 1780
507 1781
994 1781
507 1782
507 1783
1054 1783
491 1784
507 1784
817 1784
1020 1784
1569 1784
34 1785
507 1785
217 1786
219 1786
222 1786
1032 1786
1320 1786
1470 1786
1645 1786
1588 1787
1588 1788
1787 1788
1787 1789
1567 1790
1567 1791
1646 1791
251 1792
251 1793
195 1794
251 1794
251 1795
251 1796
251 1797
647 1798
647 1799
587 1800
1332 1800
368 1801
1005 1801
1563 1801
1598 1801
1207 1802
1598 1802
1740 1802
1598 1803
81 1804
183 1804
301 1804
1519 1804
183 1805
1186 1805
1586 1805
1677 1805
1804 1805
1804 1806
45 1807
60 1807
134 1807
146 1807
165 1807
168 1807
169 1807
300 1807
301 1807
375 1807
427 1807
543 1807
1010 1807
1098 1807
1099 1807
1248 1807
1544 1807
1589 1807
1592 1807
1650 1807
1756 1807
58 1808
1138 1809
1479 1809
1501 1809
1720 1809
1809 1810
119 1811
652 1811
119 1812
119 1813
427 1813
491 1813
1062 1814
1741 1814
277 1815
1138 1815
1501 1815
14 1816
56 1816
57 1816
67 1816
70 1816
144 1816
485 1816
495 1816
585 1816
587 1816
610 1816
630 1816
664 1816
668 1816
825 1816
886 1816
924 1816
1033 1816
1039 1816
1041 1816
1044 1816
1110 1816
1113 1816
1121 1816
1330 1816
1516 1816
1523 1816
1525 1816
1589 1816
1595 1816
1614 1816
1617 1816
1618 1816
1620 1816
1655 1816
1766 1816
1801 1816
1816 1817
1037 1818
1816 1818
1816 1819
1816 1820
188 1821
1816 1821
1816 1822
208 1823
1816 1823
1003 1824
1816 1824
1003 1825
1617 1825
70 1826
1592 1826
146 1827
886 1827
1255 1827
1387 1827
1588 1827
1614 1827
146 1828
1827 1828
1827 1829
30 1830
198 1830
1206 1830
1614 1830
1626 1830
1830 1831
1830 1832
477 1833
477 1834
477 1835
477 1836
421 1837
1062 1838
1837 1838
1837 1839
1403 1840
1614 1840
1665 1840
1840 1841
1171 1842
1171 1843
1171 1844
351 1845
1845 1846
1387 1847
1845 1847
69 1848
1072 1848
1477 1848
1494 1848
1775 1848
1848 1849
1848 1850
185 1851
462 1851
835 1851
981 1851
1024 1851
1054 1851
1544 1851
208 1852
994 1852
198 1853
208 1853
208 1854
208 1855
146 1856
208 1856
208 1857
1442 1857
208 1858
208 1859
194 1860
208 1860
1186 1860
208 1861
208 1862
208 1863
208 1864
79 1865
282 1865
299 1865
399 1865
1601 1865
1865 1866
1564 1867
1664 1868
1665 1868
56 1869
320 1869
862 1869
1177 1869
1336 1869
1352 1869
1475 1869
1614 1869
1857 1869
427 1870
1869 1870
1869 1871
1869 1872
34 1873
1180 1873
34 1874
34 1875
1395 1876
1668 1876
1876 1877
1876 1878
3 1879
68 1879
417 1879
1323 1879
1508 1879
185 1880
1879 1880
1879 1881
1442 1882
1442 1883
1442 1884
183 1885
198 1885
835 1885
906 1885
1442 1885
1617 1885
1620 1885
1689 1885
1881 1885
1037 1886
1442 1886
1377 1887
1442 1887
1442 1888
1442 1889
981 1890
1442 1890
1442 1891
1442 1892
1442 1893
209 1894
1146 1894
1442 1894
16 1895
57 1895
73 1895
81 1895
166 1895
198 1895
237 1895
242 1895
282 1895
327 1895
333 1895
375 1895
495 1895
630 1895
651 1895
825 1895
1044 1895
1284 1895
1353 1895
1442 1895
1448 1895
1517 1895
1519 1895
1576 1895
1598 1895
1617 1895
1690 1895
1738 1895
1754 1895
1870 1895
1875 1895
1442 1896
1442 1897
1442 1898
56 1899
212 1899
1058 1899
1110 1899
1344 1899
1442 1899
1519 1899
1580 1899
1614 1899
1615 1899
1766 1899
1771 1899
1442 1900
1442 1901
209 1902
333 1903
144 1904
445 1904
1160 1904
1777 1904
1805 1904
1904 1905
1904 1906
1377 1907
1904 1907
1032 1908
237 1909
1177 1909
1645 1909
1664 1909
1665 1909
1909 1910
57 1911
127 1911
180 1911
184 1911
208 1911
354 1911
390 1911
584 1911
627 1911
664 1911
849 1911
926 1911
1042 1911
1310 1911
1438 1911
1500 1911
1504 1911
1524 1911
1576 1911
1615 1911
1645 1911
1665 1911
1717 1911
1766 1911
1909 1911
1909 1912
1909 1913
60 1914
121 1914
132 1914
134 1914
137 1914
165 1914
168 1914
170 1914
238 1914
242 1914
244 1914
251 1914
424 1914
539 1914
543 1914
1015 1914
1138 1914
1249 1914
1475 1914
1501 1914
1606 1914
1784 1914
1883 1914
491 1915
1914 1915
132 1916
491 1916
1020 1916
1569 1916
1914 1916
1914 1917
195 1918
817 1918
1771 1918
1914 1918
517 1919
1507 1919
1529 1919
1684 1919
445 1920
328 1921
6 1922
1186 1922
1486 1922
1586 1922
1677 1922
1899 1922
1922 1923
1308 1924
1588 1924
1609 1924
1645 1924
1788 1924
729 1925
729 1926
161 1927
161 1928
426 1929
1895 1929
289 1930
1477 1930
1486 1930
1505 1930
1607 1930
594 1931
1664 1931
553 1932
30 1933
144 1933
553 1933
1310 1933
146 1934
1179 1935
1180 1935
1180 1936
1145 1937
1180 1937
1627 1938
1628 1938
1628 1939
30 1940
146 1941
155 1941
1644 1941
1644 1942
1556 1943
1615 1943
1645 1943
1664 1943
1665 1943
498 1944
1911 1944
1943 1944
1664 1945
1665 1945
523 1946
57 1947
61 1947
83 1947
1475 1947
1477 1947
1520 1947
1545 1947
1589 1947
1646 1947
835 1948
1037 1948
1947 1948
178 1949
351 1949
352 1949
385 1949
1191 1949
1562 1949
1885 1949
1899 1949
1947 1949
1947 1950
68 1951
72 1951
485 1951
582 1951
584 1951
585 1951
586 1951
587 1951
588 1951
924 1951
1033 1951
1110 1951
1111 1951
1112 1951
1113 1951
1114 1951
1121 1951
1766 1951
327 1952
983 1952
1952 1953
1952 1954
1490 1955
146 1956
548 1956
1918 1956
491 1957
817 1957
1956 1957
137 1958
301 1959
356 1959
1387 1959
1919 1959
1949 1959
111 1960
1374 1960
1387 1960
116 1961
125 1961
132 1961
170 1961
189 1961
227 1961
245 1961
415 1961
424 1961
458 1961
490 1961
543 1961
600 1961
639 1961
641 1961
651 1961
711 1961
714 1961
906 1961
1248 1961
1439 1961
1496 1961
1554 1961
1598 1961
1606 1961
1664 1961
1665 1961
1768 1961
1961 1962
1961 1963
1961 1964
56 1965
212 1965
328 1965
585 1965
587 1965
610 1965
825 1965
886 1965
1042 1965
1138 1965
1177 1965
1344 1965
1492 1965
1494 1965
1544 1965
1561 1965
1593 1965
1615 1965
1620 1965
1641 1965
1694 1965
1718 1965
1857 1965
1899 1965
1961 1965
1961 1966
1275 1967
1483 1968
498 1969
548 1969
920 1969
984 1969
148 1970
195 1970
3 1971
81 1971
823 1971
1112 1971
1499 1971
1576 1971
1620 1971
1738 1971
1860 1971
1971 1972
333 1973
1030 1973
1092 1973
1637 1973
1905 1973
1973 1974
301 1975
1973 1975
1973 1976
1629 1977
1973 1977
1786 1978
1786 1979
125 1980
441 1980
1980 1981
144 1982
373 1982
585 1982
587 1982
664 1982
1113 1982
1121 1982
1150 1982
1349 1982
1433 1982
1508 1982
1580 1982
1589 1982
1617 1982
1620 1982
1690 1982
1751 1982
1752 1982
1766 1982
1823 1982
1851 1982
1918 1982
1982 1983
1191 1984
1982 1984
1982 1985
1982 1986
1982 1987
1569 1988
1807 1988
1982 1988
1709 1989
1989 1990
1989 1991
1514 1992
1515 1992
1516 1992
372 1993
398 1993
1993 1994
1562 1995
1899 1995
1562 1996
1562 1997
1562 1998
134 1999
882 1999
1771 1999
188 2000
189 2000
548 2001
1510 2001
1516 2001
835 2002
1720 2004
2003 2004
238 2005
356 2005
491 2005
1255 2005
1784 2005
1827 2005
1828 2005
1829 2005
356 2006
2003 2007
592 2008
134 2009
161 2009
168 2009
170 2009
424 2009
459 2009
490 2009
580 2009
641 2009
792 2009
1015 2009
1774 2009
1788 2009
1883 2009
1916 2009
491 2010
1569 2010
2009 2010
333 2011
590 2011
1592 2011
1604 2012
1563 2013
2012 2013
219 2014
1949 2014
125 2015
137 2015
251 2015
441 2015
598 2015
121 2016
129 2016
137 2016
517 2016
902 2016
1530 2016
1576 2016
1811 2016
1664 2017
642 2018
642 2019
9 2020
57 2021
81 2021
144 2021
198 2021
237 2021
282 2021
327 2021
333 2021
371 2021
375 2021
446 2021
477 2021
483 2021
548 2021
577 2021
823 2021
825 2021
1030 2021
1044 2021
1135 2021
1138 2021
1353 2021
1419 2021
1448 2021
1483 2021
1488 2021
1492 2021
1501 2021
1520 2021
1544 2021
1547 2021
1549 2021
1550 2021
1592 2021
1598 2021
1599 2021
1604 2021
1609 2021
1655 2021
1732 2021
1738 2021
1769 2021
1794 2021
1805 2021
1833 2021
1851 2021
2018 2021
2021 2022
2021 2023
2021 2024
2021 2025
2021 2026
2021 2027
2021 2028
125 2029
548 2029
651 2029
1479 2029
1500 2029
1609 2029
1813 2029
2029 2030
2029 2031
2029 2032
810 2033
1062 2033
1547 2034
1664 2034
1486 2035
1492 2035
1636 2035
1649 2035
749 2036
127 2037
942 2037
2037 2038
125 2039
130 2039
132 2039
134 2039
137 2039
242 2039
441 2039
443 2039
630 2039
984 2039
1483 2039
1629 2039
1729 2039
2039 2040
2039 2041
587 2042
1965 2042
1771 2043
972 2044
1725 2044
965 2045
965 2046
305 2047
1557 2047
1725 2047
2047 2048
427 2049
427 2050
1145 2051
79 2052
146 2052
209 2052
301 2052
610 2052
1476 2052
1486 2052
1495 2052
1556 2052
1819 2052
1857 2052
1896 2052
1681 2053
1953 2053
2052 2053
301 2054
2052 2054
1478 2055
1525 2055
1556 2055
1875 2055
1965 2056
2055 2056
398 2057
1490 2057
2057 2058
832 2059
1645 2059
498 2060
1895 2060
1895 2061
1895 2062
1895 2063
1024 2064
1895 2064
1895 2065
1895 2066
30 2067
1024 2067
1895 2067
2045 2068
350 2069
352 2069
587 2069
886 2069
1054 2069
1580 2069
1586 2069
1646 2069
1677 2069
1455 2070
2069 2070
230 2071
231 2071
60 2072
134 2072
147 2072
160 2072
164 2072
166 2072
169 2072
170 2072
171 2072
198 2072
424 2072
442 2072
543 2072
833 2072
1492 2072
1516 2072
1554 2072
1641 2072
1781 2072
1784 2072
1918 2072
1988 2072
2057 2072
2072 2073
2072 2074
1959 2075
573 2076
938 2076
1516 2076
114 2077
182 2077
237 2077
685 2077
1291 2077
1497 2077
1604 2077
1605 2077
1639 2077
1965 2077
1970 2077
1206 2078
2077 2078
2077 2079
1941 2080
235 2081
1646 2082
67 2083
235 2083
946 2083
974 2083
1344 2083
1605 2083
1719 2083
2010 2083
2083 2084
548 2085
1637 2085
1725 2085
2044 2085
984 2086
2004 2087
1701 2088
6 2089
56 2089
183 2089
495 2089
886 2089
1186 2089
1586 2089
1601 2089
1617 2089
1677 2089
1738 2089
1778 2089
1946 2089
1949 2089
865 2090
540 2091
282 2092
590 2092
1042 2092
1135 2092
854 2093
138 2094
141 2094
630 2094
1598 2094
60 2095
160 2095
169 2095
171 2095
299 2095
543 2095
590 2095
596 2095
822 2095
827 2095
1784 2095
1918 2095
1975 2095
1988 2095
2095 2096
2095 2097
429 2098
1186 2099
1309 2100
1309 2101
1684 2101
1206 2102
242 2103
242 2104
242 2105
301 2106
301 2107
301 2108
651 2109
1766 2109
2109 2110
146 2111
169 2111
651 2111
495 2112
81 2113
327 2113
328 2113
1115 2113
1579 2113
1623 2113
1857 2113
1965 2113
2113 2114
1664 2115
1664 2116
1665 2116
1664 2117
69 2118
573 2118
584 2118
1206 2118
1207 2118
2118 2119
1207 2120
2118 2120
27 2121
1005 2121
1517 2121
1609 2121
1780 2121
1005 2122
2121 2122
1005 2123
1788 2123
1965 2124
1556 2125
38 2126
56 2126
146 2126
351 2126
1522 2126
1645 2126
2125 2126
2125 2127
1725 2128
1725 2129
277 2130
1725 2130
1725 2131
1725 2132
1725 2133
907 2134
1158 2134
1193 2134
2134 2135
184 2136
549 2136
1649 2136
1650 2136
1718 2136
117 2137
208 2137
237 2137
495 2137
516 2137
587 2137
829 2137
886 2137
1003 2137
1075 2137
1138 2137
1357 2137
1475 2137
1492 2137
1499 2137
1520 2137
1589 2137
1594 2137
1601 2137
1604 2137
1614 2137
1738 2137
1743 2137
1898 2137
1948 2137
2137 2138
2137 2139
56 2140
282 2140
565 2140
886 2140
909 2140
1054 2140
1475 2140
1525 2140
1614 2140
1615 2140
2137 2140
56 2142
72 2142
375 2142
583 2142
702 2142
704 2142
1042 2142
1637 2142
1949 2142
2064 2142
2141 2142
664 2143
1433 2143
1531 2143
1062 2144
2143 2144
832 2145
1036 2145
1376 2145
1962 2145
2141 2145
939 2146
1907 2146
1037 2147
1646 2148
2149 2150
1479 2151
1576 2151
1720 2151
1179 2152
2067 2153
635 2154
372 2155
1965 2155
387 2156
2157 2158
2157 2159
282 2160
1486 2161
2161 2162
175 2163
389 2163
440 2163
461 2163
1232 2163
2163 2164
2163 2165
2163 2166
164 2167
445 2168
209 2169
65 2170
1547 2170
327 2171
328 2171
333 2171
590 2171
227 2172
1352 2172
1688 2172
2172 2173
2172 2174
1911 2175
1911 2176
1911 2177
1911 2178
1911 2179
1911 2180
1911 2181
1567 2182
410 2183
1766 2184
352 2185
352 2186
18 2187
699 2187
1129 2187
209 2188
581 2188
685 2188
1336 2188
2000 2188
2188 2189
817 2190
147 2191
817 2191
1702 2191
1918 2191
2006 2191
1039 2192
1054 2192
1113 2192
1576 2192
1774 2192
1792 2192
2192 2193
146 2194
146 2195
146 2196
146 2197
146 2198
146 2199
2056 2200
6 2201
183 2201
468 2201
585 2201
849 2201
1186 2201
1286 2201
1582 2201
1677 2201
1973 2201
2099 2201
2201 2202
702 2203
704 2203
2059 2204
235 2205
1275 2205
2205 2206
211 2207
590 2207
869 2207
1556 2207
1393 2208
2208 2209
2208 2210
1020 2211
1020 2212
906 2213
386 2214
1664 2214
125 2215
328 2215
343 2215
370 2215
489 2215
583 2215
584 2215
675 2215
2215 2216
2215 2217
1003 2218
26 2219
56 2219
67 2219
983 2219
1349 2219
1383 2219
1614 2219
1949 2219
82 2220
82 2221
300 2222
1609 2222
1846 2222
2039 2222
477 2223
1075 2223
1077 2223
1080 2223
1083 2223
1531 2223
1497 2224
2126 2225
491 2226
491 2227
491 2228
491 2229
584 2230
1039 2230
1970 2230
2230 2231
2230 2232
724 2233
1885 2234
1885 2235
1885 2236
184 2237
202 2237
517 2237
698 2237
1016 2237
1481 2237
1488 2237
1519 2237
1604 2237
1669 2237
2219 2238
110 2239
110 2240
110 2241
110 2242
110 2243
110 2244
110 2245
543 2246
1916 2246
1042 2247
1623 2247
825 2248
333 2249
30 2250
208 2250
371 2250
586 2250
587 2250
1113 2250
1310 2250
1477 2250
1578 2250
1580 2250
1850 2250
194 2251
1478 2251
1623 2251
1709 2251
503 2252
1505 2253
2253 2254
327 2255
27 2256
60 2256
73 2256
82 2256
134 2256
135 2256
198 2256
225 2256
238 2256
244 2256
251 2256
424 2256
441 2256
543 2256
548 2256
833 2256
871 2256
1015 2256
1042 2256
1085 2256
1150 2256
1276 2256
1496 2256
1554 2256
1556 2256
1645 2256
1690 2256
2096 2256
2156 2256
2256 2257
2256 2258
116 2259
144 2259
333 2259
1592 2259
1601 2259
1726 2259
1768 2259
1834 2259
259 2260
274 2260
1006 2260
1007 2260
1139 2260
1310 2260
1509 2260
2260 2261
2260 2262
1965 2263
2053 2263
2119 2263
595 2264
1119 2264
372 2265
1486 2265
1592 2265
1601 2265
1623 2265
1664 2265
1665 2265
117 2266
167 2266
209 2266
252 2266
306 2266
372 2266
405 2266
577 2266
590 2266
909 2266
1508 2266
1520 2266
1593 2266
1645 2266
2042 2266
155 2267
184 2267
549 2267
1479 2267
1586 2267
2057 2267
2267 2268
327 2269
2269 2270
829 2271
30 2272
79 2272
198 2272
237 2272
328 2272
515 2272
825 2272
1037 2272
1475 2272
1476 2272
1483 2272
1486 2272
1549 2272
1594 2272
1668 2272
1690 2272
1738 2272
1780 2272
1819 2272
2272 2273
2272 2274
1846 2275
1254 2276
134 2277
165 2277
424 2277
1062 2278
1062 2279
1062 2280
1062 2281
189 2282
1062 2282
1062 2283
1062 2284
1718 2285
1944 2285
69 2286
825 2286
1477 2287
13 2288
1525 2288
1780 2288
188 2289
594 2289
1186 2289
1336 2289
1677 2289
2000 2289
548 2290
984 2290
2290 2291
2290 2292
660 2293
660 2294
660 2295
2296 2297
208 2298
333 2298
425 2298
886 2298
1488 2298
1495 2298
1544 2298
1547 2298
1582 2298
1609 2298
1617 2298
1637 2298
1646 2298
1755 2298
1851 2298
1975 2298
2042 2298
2298 2299
2121 2300
1875 2301
2301 2302
721 2303
1672 2304
183 2305
1186 2305
1586 2305
1646 2305
30 2306
610 2306
1030 2306
1475 2306
1486 2306
1495 2306
1497 2306
4 2307
208 2307
655 2307
723 2307
1119 2307
1293 2307
1310 2307
1475 2307
1517 2307
1533 2307
1623 2307
1641 2307
1645 2307
2062 2307
2307 2308
2307 2309
2307 2310
2142 2311
452 2312
452 2313
1138 2314
1309 2314
1501 2314
698 2315
833 2316
1819 2316
146 2317
600 2317
703 2317
1726 2317
2005 2318
2005 2319
1563 2320
124 2321
2175 2322
2322 2323
2322 2324
165 2325
208 2325
682 2326
23 2327
65 2327
568 2327
1103 2328
1104 2328
1516 2328
1918 2328
415 2329
632 2329
125 2330
132 2330
189 2331
1640 2332
30 2333
81 2333
237 2333
327 2333
375 2333
577 2333
1174 2333
1228 2333
1484 2333
1592 2333
1690 2333
1694 2333
2274 2333
462 2334
1508 2335
2335 2336
2337 2338
1836 2339
1898 2339
1921 2339
2333 2340
195 2341
195 2342
195 2343
1835 2344
185 2345
185 2346
185 2347
185 2348
185 2349
385 2350
357 2351
495 2352
712 2352
1039 2352
2352 2353
1186 2354
1586 2354
354 2355
1949 2356
662 2357
662 2358
662 2359
662 2360
