0.077846 0
0.015562 0
0.015562 0
0.017266 0
0.048387 0
0.022023 0
0.092444 0
0.092444 0
0.069699 0
0.037734 0
0.027794 0
0.037734 0
0.069699 0
0.051601 0
0.012765 0
0.020456 0
0.020456 0
0.022245 0
0.501019 1
0.021668 0
0.020456 0
0.048620 1
0.015562 0
0.016568 0
0.048620 0
0.015562 0
0.044693 0
0.122060 0
0.051601 1
0.021280 0
0.670363 0
0.021668 0
0.022245 0
0.022245 0
0.020295 0
0.027794 0
0.023091 0
0.020392 0
0.027794 0
0.048620 0
0.012100 0
0.088562 0
0.017266 0
0.044554 0
0.017266 0
0.519171 1
0.015562 0
0.015562 0
0.015562 0
0.017266 0
0.016568 0
0.017266 0
0.044693 0
0.021668 0
0.021280 0
0.051601 0
0.022245 0
0.097343 0
0.020295 0
0.051601 0
0.021668 0
0.012654 0
0.021668 0
0.022245 0
0.020456 0
0.021668 0
0.022245 0
0.020295 0
0.015815 0
0.452684 0
0.030747 0
0.041957 0
0.015815 0
0.020392 0
0.027794 0
0.022157 0
0.027794 0
0.023091 0
0.023091 0
0.020197 0
0.020197 1
0.023042 0
0.041957 0
0.041957 0
0.015815 0
0.016569 0
0.027794 1
0.023091 0
0.016569 0
0.022157 0
0.023091 0
0.023091 0
0.023091 0
0.017266 0
0.048620 0
0.031673 0
0.050537 0
0.021408 0
0.468659 1
0.018462 0
0.019138 0
0.364685 0
0.015815 0
0.041957 0
0.019138 0
0.041957 0
0.015815 0
0.019951 0
0.022351 0
0.039918 0
0.048024 0
0.048024 0
0.021408 0
0.035605 0
0.018462 0
0.018462 0
0.037603 0
0.037603 1
0.021408 0
0.037603 0
0.012100 0
0.016568 0
0.015562 0
0.015562 0
0.091283 0
0.017266 0
0.668965 1
0.044334 0
0.015562 0
0.015562 0
0.044334 0
0.105250 1
0.016568 0
0.048620 0
0.021668 0
0.020456 0
0.057532 0
0.048387 0
0.020197 0
0.041957 0
0.015815 0
0.020197 0
0.018462 0
0.035605 0
0.096937 0
0.020818 0
0.037716 0
0.035605 0
0.018462 0
0.051601 0
0.215870 0
0.029840 0
0.020295 0
0.022351 0
0.019951 0
0.022875 0
0.022875 0
0.019951 0
0.531807 1
0.100650 0
0.022351 0
0.049202 0
0.385809 0
0.019138 0
0.029049 0
0.041957 0
0.038129 0
0.040377 0
0.022157 0
0.022157 0
0.038129 0
0.020596 0
0.021979 0
0.017135 0
0.089245 0
0.056251 0
0.089245 0
0.056251 0
0.048387 0
0.675338 1
0.041957 0
0.019138 0
0.029049 0
0.019138 0
0.022351 0
0.620468 1
0.039918 0
0.019951 0
0.049706 0
0.018451 0
0.021397 0
0.018451 0
0.058014 0
0.135326 0
0.017135 0
0.055014 0
0.020197 0
0.436340 1
0.016569 0
0.016569 0
0.039533 0
0.023091 0
0.022157 0
0.022157 0
0.395142 0
0.020456 0
0.020456 0
0.021668 0
0.866751 1
0.731796 1
0.016568 0
0.015562 0
0.015562 0
0.017266 0
0.034148 0
0.019138 0
0.041957 1
0.020197 0
0.041957 0
0.029049 0
0.019138 0
0.020197 0
0.015815 0
0.291236 0
0.029049 0
0.019138 0
0.020197 0
0.015815 0
0.527600 0
0.029049 0
0.015815 0
0.022351 0
0.382685 0
0.020596 0
0.017135 0
0.084202 0
0.021979 0
0.056104 0
0.084202 0
0.044581 0
0.012100 0
0.015562 0
0.044456 0
0.012100 0
0.048620 0
0.048620 0
0.015562 0
0.015379 0
0.022157 0
0.027794 0
0.015379 0
0.022157 0
0.022157 0
0.022351 0
0.022875 0
0.736363 1
0.039918 0
0.039918 0
0.048620 0
0.015562 0
0.015562 0
0.015562 0
0.015562 0
0.696466 1
0.048620 0
0.051601 0
0.048390 0
0.020456 0
0.022245 0
0.023242 0
0.051601 0
0.048620 0
0.017266 0
0.088562 0
0.015562 0
0.959967 1
0.015562 0
0.012765 0
0.021668 0
0.021668 0
0.023242 0
0.017266 0
0.894778 1
0.048620 0
0.017266 0
0.025070 0
0.234965 0
0.020197 0
0.553241 1
0.015815 0
0.019138 0
0.019951 0
0.048568 0
0.659143 1
0.019951 0
0.022351 0
0.021408 0
0.018462 0
0.021408 0
0.037603 0
0.037603 0
0.022351 0
0.037644 0
0.039918 0
0.049238 0
0.039918 1
0.048024 0
0.051973 0
0.019951 0
0.128287 0
0.018462 0
0.059687 0
0.057412 0
0.020818 0
0.020818 0
0.018462 0
0.018462 0
0.058053 0
0.018462 0
0.056677 0
0.018462 0
0.038129 0
0.023091 0
0.023091 0
0.027794 1
0.022157 0
0.023091 0
0.020197 0
0.019138 0
0.540839 1
0.019138 0
0.022220 0
0.019138 0
0.020197 0
0.019138 0
0.015815 0
0.583529 1
0.018462 0
0.018462 0
0.035605 0
0.052917 0
0.018462 0
0.044726 0
0.018462 0
0.018462 0
0.021408 1
0.060796 0
0.021408 0
0.018462 0
0.023091 0
0.022157 0
0.027794 0
0.027794 0
0.023091 1
0.020392 0
0.023091 0
0.020818 0
0.021408 0
0.021408 0
0.022351 0
0.039918 0
0.039918 0
0.022351 0
0.039918 0
0.661449 1
0.022351 0
0.022351 0
0.049706 0
0.019951 0
0.894769 1
0.048620 0
0.044693 0
0.012100 0
0.015562 0
0.088382 0
0.022245 0
0.051601 0
0.022245 0
0.051601 0
0.018462 0
0.020818 0
0.046652 0
0.018462 0
0.021408 0
0.035605 0
0.020818 0
0.046652 0
0.018462 0
0.046652 0
0.459900 1
0.015815 0
0.588138 1
0.020197 1
0.019138 1
0.020456 1
0.051601 0
0.012100 0
0.015562 0
0.016568 0
0.525527 1
0.690236 1
0.051601 0
0.012654 0
0.020456 0
0.021668 0
0.022245 0
0.022245 0
0.021668 0
0.022351 0
0.037644 1
0.049238 0
0.022875 0
0.022875 0
0.019951 0
0.020818 0
0.018462 0
0.050517 0
0.097121 0
0.018462 0
0.018462 0
0.035605 0
0.039939 0
0.017266 0
0.015562 0
0.012100 0
0.017266 0
0.015562 0
0.044554 0
0.144245 1
0.015562 0
0.012100 0
0.015562 0
0.017266 0
0.037786 0
0.022875 0
0.039918 0
0.048024 0
0.019951 0
0.039918 0
0.609109 1
0.049162 0
0.019951 0
0.037644 0
0.051601 0
0.020456 0
0.020456 0
0.021668 0
0.021668 0
0.019951 0
0.051973 0
0.039918 0
0.048472 0
0.022875 1
0.012100 0
0.090537 0
0.016568 0
0.231771 0
0.021668 0
0.020456 0
0.021668 0
0.041957 0
0.041957 0
0.029049 0
0.041957 0
0.041957 0
0.022875 0
0.112166 0
0.018462 0
0.020818 0
0.021408 0
0.612606 1
0.046652 0
0.046652 0
0.020818 0
0.526350 1
0.089682 0
0.733820 1
0.089682 0
0.015562 0
0.017266 0
0.017135 0
0.019787 0
0.017135 0
0.055387 0
0.019787 0
0.017135 0
0.061632 0
0.020456 0
0.051601 0
0.051601 0
0.028147 0
0.051601 0
0.019951 0
0.039918 0
0.217985 0
0.022351 0
0.212217 0
0.019951 0
0.049706 0
0.037644 0
0.039918 0
0.022875 0
0.022351 0
0.048024 0
0.012100 0
0.012100 0
0.017266 0
0.019951 0
0.022875 0
0.366816 0
0.022875 0
0.037644 0
0.396155 0
0.018462 0
0.018462 0
0.049275 0
0.021408 0
0.021408 0
0.035605 0
0.018462 0
0.020818 0
0.018462 0
0.020818 0
0.562580 1
0.021408 0
0.057412 0
0.021408 0
0.056677 0
0.060796 0
0.020818 1
0.018462 0
0.124944 0
0.034191 0
0.020295 0
0.022245 1
0.501082 1
0.020295 0
0.019138 0
0.029049 0
0.596631 0
0.041957 0
0.618509 1
0.029049 0
0.015815 0
0.019138 0
0.023091 0
0.027794 0
0.027794 0
0.022157 1
0.027205 0
0.023091 0
0.027205 1
0.038277 0
0.019951 0
0.022875 0
0.022351 0
0.019951 0
0.039918 0
0.051601 0
0.020456 0
0.550952 1
0.051601 0
0.028147 1
0.051601 0
0.019787 0
0.079998 0
0.017135 0
0.017266 0
0.019787 0
0.020596 0
0.038904 0
0.038904 0
0.021743 0
0.021743 0
0.023091 0
0.038904 0
0.122060 0
0.604743 1
0.020456 0
0.048620 0
0.015562 0
0.958909 1
0.015562 0
0.048620 0
0.015562 0
0.044381 0
0.048620 0
0.017266 0
0.019787 0
0.059764 0
0.059764 0
0.017135 0
0.059764 0
0.019787 0
0.073468 0
0.044334 0
0.044312 0
0.012100 0
0.017266 0
0.048620 0
0.017266 0
0.016568 0
0.048620 0
0.015562 0
0.019951 0
0.037644 0
0.019951 0
0.019951 0
0.019951 0
0.035605 0
0.018462 0
0.021408 0
0.018462 0
0.037603 0
0.095969 0
0.015562 0
0.012100 0
0.017266 0
0.048620 0
