0.020868 0
0.020868 0
0.020868 0
0.020868 0
0.020868 0
0.020868 0
0.020868 0
0.020868 0
0.020868 0
0.020868 0
0.020868 0
0.020868 0
0.020868 0
0.020868 0
0.020868 0
0.020868 0
0.020868 0
0.020868 0
0.020868 0
0.020868 0
0.020868 0
0.020868 0
0.020868 0
0.020868 0
0.020868 0
0.020868 0
0.020868 0
0.020868 0
0.020868 0
0.020868 0
0.020868 0
0.020868 0
0.020868 0
0.020868 0
0.020868 0
0.020868 0
0.020868 0
0.020868 0
0.020868 0
0.020868 0
0.020868 0
0.020868 0
0.020868 0
0.020868 0
0.020868 0
0.020868 0
0.020868 1
0.020868 0
0.020868 0
0.020868 0
0.020868 0
0.020868 0
0.020868 0
0.020868 0
0.020868 0
0.020868 0
0.020868 0
0.020868 0
0.020868 0
0.020868 0
0.020868 0
0.020868 1
0.020868 0
0.020868 0
0.020868 0
0.020868 0
0.020868 0
0.020868 0
0.020868 0
0.020868 0
0.020868 0
0.020868 0
0.020868 0
0.020868 0
0.020868 0
0.020868 0
0.020868 0
0.020868 0
0.020868 0
0.020868 0
0.020868 0
0.020868 0
0.020868 0
0.020868 0
0.020868 0
0.020868 0
0.020868 0
0.020868 0
0.020868 0
0.020868 0
0.020868 0
0.020868 0
0.020868 0
0.020868 0
0.020868 0
0.020868 0
0.020868 0
0.020868 0
0.020868 0
0.020868 0
0.020868 0
0.020868 0
0.020868 0
0.020868 0
0.020868 0
0.020868 0
0.020868 0
0.020868 0
0.020868 0
0.020868 0
0.020868 0
0.020868 0
0.020868 0
0.020868 0
0.020868 0
0.020868 0
0.020868 0
0.020868 0
0.020868 0
0.020868 0
0.020868 0
0.020868 0
0.020868 0
0.020868 0
0.020868 0
0.020868 0
0.020868 0
0.020868 0
0.020868 0
0.020868 0
0.020868 1
0.020868 0
0.020868 0
0.020868 1
0.020868 1
0.020868 0
0.020868 0
0.020868 0
0.020868 0
0.020868 0
0.020868 0
0.020868 0
0.020868 1
0.020868 0
0.020868 0
0.020868 0
0.020868 0
0.020868 0
0.020868 0
0.020868 0
0.020868 0
0.020868 0
0.020868 0
0.020868 0
0.020868 0
0.051724 0
0.051724 0
0.051724 0
0.051724 0
0.051724 0
0.051724 1
0.051724 0
0.051724 0
0.051724 0
0.051724 0
0.051724 0
0.051724 0
0.051724 0
0.051724 0
0.051724 0
0.051724 0
0.051724 0
0.051724 0
0.051724 0
0.051724 0
0.051724 0
0.051724 0
0.051724 0
0.051724 0
0.027273 0
0.027273 0
0.027273 0
0.027273 0
0.027273 0
0.027273 0
0.027273 0
0.027273 0
0.027273 0
0.027273 0
0.027273 0
0.027273 0
0.027273 0
0.027273 0
0.027273 0
0.027273 0
0.027273 0
0.027273 0
0.027273 0
0.027273 0
0.027273 0
0.027273 0
0.027273 0
0.027273 0
0.027273 0
0.027273 0
0.027273 0
0.027273 0
0.027273 0
0.027273 0
0.027273 0
0.027273 0
0.027273 0
0.027273 0
0.027273 0
0.027273 0
0.027273 0
0.027273 0
0.027273 0
0.027273 0
0.027273 0
0.027273 0
0.027273 0
0.027273 0
0.027273 0
0.027273 0
0.027273 0
0.027273 0
0.035461 0
0.035461 0
0.035461 0
0.035461 0
0.035461 0
0.035461 0
0.035461 0
0.035461 0
0.035461 0
0.035461 0
0.035461 0
0.035461 0
0.035461 0
0.035461 0
0.035461 1
0.035461 0
0.035461 0
0.035461 0
0.035461 0
0.035461 0
0.035461 0
0.095588 0
0.095588 0
0.095588 0
0.095588 1
0.095588 0
0.095588 0
0.941176 1
0.833333 1
0.750000 1
0.937500 1
0.937500 1
0.800000 1
0.818182 1
0.500000 1
0.333333 0
0.875000 0
0.750000 0
0.500000 1
0.022727 0
0.022727 0
0.022727 0
0.022727 0
0.022727 0
0.022727 0
0.022727 0
0.064748 0
0.064748 0
0.064748 0
0.064748 0
0.064748 0
0.064748 0
0.250000 0
0.615385 0
0.615385 1
0.764706 1
0.909091 1
0.800000 1
0.500000 1
0.578947 1
0.500000 0
0.888889 1
0.500000 1
0.500000 1
0.059896 0
0.059896 0
0.059896 0
0.059896 1
0.059896 0
0.059896 0
0.059896 0
0.059896 1
0.059896 0
0.059896 0
0.059896 0
0.059896 0
0.059896 0
0.059896 0
0.059896 0
0.059896 0
0.059896 1
0.059896 0
0.059896 0
0.059896 0
0.059896 0
0.096774 0
0.050847 0
0.050847 0
0.050847 0
0.076271 0
0.076271 0
0.076271 0
0.076271 0
0.044118 0
0.044118 0
0.044118 0
0.044118 0
0.044118 0
0.044118 0
0.888889 1
0.888889 1
0.285714 0
0.875000 1
0.875000 1
0.500000 1
0.178571 0
0.833333 1
